0,1 111 186 105 83 122 228 239 16 50268 80 506 1056 39265 1559430 7
0,1 111 186 105 83 112 65 149 240 50326 80 331 656 23894 931094 7
0,1 111 186 105 83 112 65 149 240 50327 80 299 599 23798 861159 7
0,1 111 186 105 83 122 228 239 16 50241 80 274 531 26182 750158 7
0,1 111 186 105 83 112 65 149 240 50328 80 283 516 20474 733682 7
0,1 111 186 105 83 122 228 239 16 50240 80 205 387 26792 536481 7
0,1 111 186 105 83 103 22 252 15 50375 80 294 419 24253 464504 7
0,1 111 186 105 83 112 65 149 240 50325 80 173 328 16898 459870 7
0,1 111 186 105 83 103 22 252 15 50373 80 271 399 23314 419073 7
0,1 111 186 105 83 112 65 149 240 50329 80 150 283 15484 389881 7
0,1 111 186 105 83 103 22 252 15 50376 80 219 352 17646 387646 7
0,1 111 186 105 83 222 73 144 178 50382 80 134 257 18213 363513 7
0,1 111 186 105 83 103 22 252 15 50371 80 209 314 21712 341366 7
0,1 111 186 105 83 103 22 252 15 50372 80 216 327 18709 341710 7
0,1 111 186 105 83 222 73 144 178 50380 80 126 236 15043 338907 7
0,1 111 186 105 83 58 213 192 163 50220 80 118 223 8299 324353 7
0,1 111 186 105 83 103 22 252 15 50374 80 183 276 16071 299895 7
0,1 111 186 105 83 112 65 149 240 50324 80 111 213 10999 296623 7
0,1 111 186 105 83 222 73 144 178 50379 80 109 196 16240 274011 7
0,1 111 186 105 83 222 73 144 178 50377 80 106 192 17636 265235 7
0,1 111 186 105 83 58 213 192 163 50218 80 92 171 7084 248590 7
0,1 111 186 105 83 122 228 239 16 50256 80 85 167 5020 246913 7
0,1 111 186 105 83 58 51 100 224 50355 80 88 161 6751 235990 7
0,1 111 186 105 83 222 73 144 178 50381 80 88 160 13488 221242 7
0,1 111 186 105 83 58 51 100 224 50354 80 79 141 8228 201159 7
0,1 111 186 105 83 222 73 144 178 50378 80 73 133 9378 186927 7
0,1 111 186 105 83 58 51 100 224 50341 80 70 127 6170 183524 7
0,1 111 186 105 83 58 51 100 224 50362 80 53 115 8543 165941 7
0,1 111 186 105 83 118 228 48 14 50336 80 75 117 12300 145808 7
0,1 111 186 105 83 122 228 239 16 50284 80 55 98 6274 136341 7
0,1 111 186 105 83 58 51 100 224 50344 80 64 92 9295 124299 7
0,1 111 186 105 83 58 51 100 224 50343 80 58 79 8950 104159 7
0,1 111 186 105 83 58 51 100 224 50342 80 52 71 9458 84421 7
0,1 111 186 105 83 58 213 192 163 50217 80 34 65 4479 87588 7
0,1 111 186 105 83 118 228 159 145 50207 80 51 116 7774 80692 7
0,1 111 186 105 83 118 228 48 14 50334 80 43 67 7761 79423 7
0,1 111 186 105 83 118 228 159 145 50210 80 48 101 7444 76989 7
0,1 111 186 105 83 58 51 100 224 50346 80 49 55 7344 70469 7
0,1 111 186 105 83 58 51 100 224 50340 80 47 54 8245 67519 7
0,1 111 186 105 83 58 51 100 224 50345 80 48 54 8375 65346 7
0,1 111 186 105 83 118 228 159 145 50208 80 41 90 6652 60547 7
0,1 111 186 105 83 122 228 239 16 50267 80 33 50 6674 60214 7
0,1 111 186 105 83 118 228 48 14 50335 80 36 49 5952 59735 7
0,1 111 186 105 83 118 228 48 14 50338 80 38 51 8953 55063 7
0,1 111 186 105 83 118 228 159 146 50216 80 29 60 1969 60703 7
0,1 111 186 105 83 118 228 159 146 50213 80 25 57 1753 60716 7
0,1 111 186 105 83 118 228 159 146 50214 80 23 55 1645 58297 7
0,1 111 186 105 83 118 228 159 145 50212 80 35 79 6070 53481 7
0,1 111 186 105 83 58 51 100 224 50350 80 33 42 3877 55637 7
0,1 111 186 105 83 58 51 100 224 50358 80 30 41 2831 56206 7
0,1 111 186 105 83 58 51 100 224 50353 80 30 40 3301 51811 7
0,1 111 186 105 83 58 51 100 224 50363 80 25 37 8012 46010 7
0,1 111 186 105 83 118 228 159 145 50211 80 33 72 5884 47096 7
0,1 111 186 105 83 122 228 239 16 50290 80 26 38 4803 47362 7
0,1 111 186 105 83 118 228 48 14 50339 80 29 46 5996 44994 7
0,1 111 186 105 83 58 51 100 224 50366 80 22 32 7369 40697 7
0,1 111 186 105 83 58 51 100 224 50360 80 23 31 8687 38291 7
0,1 111 186 105 83 118 228 159 145 50209 80 28 59 5651 38717 7
0,1 111 186 105 83 118 228 159 146 50215 80 17 41 1321 41031 7
0,1 111 186 105 83 122 228 239 16 50262 80 15 29 1288 38149 7
0,1 111 186 105 83 58 51 100 224 50352 80 25 28 2621 35662 7
0,1 111 186 105 83 58 51 100 224 50356 80 22 27 1988 35877 7
0,1 111 186 105 83 118 228 48 14 50337 80 24 33 5255 32579 7
0,1 111 186 105 83 122 228 239 16 50244 80 14 29 1205 35520 7
0,1 111 186 105 83 122 228 239 16 50271 80 14 27 1376 34832 7
0,1 111 186 105 83 58 51 100 224 50361 80 19 24 6381 29072 7
0,2 111 186 103 88 239 255 255 250 49583 1900 185 0 31066 0 12
0,1 111 186 105 83 58 51 100 224 50349 80 23 23 2936 27830 7
0,1 111 186 105 83 58 213 192 163 50221 80 16 24 2070 27842 7
0,1 111 186 105 83 58 213 192 163 50219 80 15 23 2102 25883 7
0,1 111 186 105 83 122 228 239 16 50225 80 13 22 1212 25760 7
0,1 111 186 105 83 58 213 192 163 50222 80 15 21 1600 24073 7
0,1 111 186 105 83 122 228 239 16 50264 80 11 20 1092 22024 7
0,1 111 186 105 83 222 28 152 145 50385 80 14 16 1252 19248 7
0,1 111 186 105 83 118 228 48 80 50351 80 20 14 6447 13980 7
0,1 111 186 105 83 119 75 216 20 50154 443 14 19 16117 4108 91
0,1 111 186 105 83 119 75 213 61 50205 443 14 14 10241 9932 91
0,1 111 186 105 83 58 51 100 224 50357 80 16 14 1276 17767 7
0,1 111 186 105 83 58 51 100 224 50348 80 19 14 2599 14434 7
0,1 111 186 105 83 58 51 100 224 50367 80 9 12 3422 13190 7
0,1 111 186 105 83 119 75 213 61 50206 443 14 20 10985 5506 91
0,1 111 186 105 83 202 108 88 41 50265 80 7 7 11360 782 7
0,1 111 186 105 83 1 202 200 89 50387 80 15 16 1401 9712 7
0,1 111 186 105 83 122 228 239 16 50311 80 7 11 1052 9781 7
0,1 111 186 105 83 122 228 239 16 50273 80 7 11 1000 9779 7
0,1 111 186 105 83 122 228 239 16 50288 80 6 11 998 9781 7
0,1 111 186 105 83 122 228 239 16 50251 80 7 10 826 8371 7
0,1 111 186 105 83 122 228 239 16 50254 80 6 10 763 7768 7
0,1 111 186 105 83 58 51 100 224 50368 80 5 7 864 7566 7
0,1 111 186 105 83 222 73 144 178 50383 8080 6 8 703 7090 7
0,1 111 186 105 83 122 228 239 16 50281 80 6 8 1442 5981 7
0,1 111 186 105 83 112 65 149 227 50331 443 7 9 1654 5710 91
0,1 111 186 105 83 124 74 251 167 50332 443 7 9 1654 5710 91
0,2 111 186 105 102 239 255 255 250 3412 1900 33 0 7128 0 12
0,1 111 186 105 83 122 228 239 16 50246 80 6 9 777 6336 7
0,1 111 186 105 83 122 228 239 16 50242 80 6 9 748 6155 7
0,1 111 186 105 83 122 228 239 16 50280 80 6 8 1442 5247 7
0,1 111 186 105 83 122 228 239 16 50276 80 6 8 1398 5283 7
0,1 111 186 105 83 122 228 239 16 50279 80 6 8 1398 5271 7
0,1 111 186 105 83 122 228 239 16 50315 80 6 8 1334 5289 7
0,1 111 186 105 83 122 228 239 16 50277 80 5 8 1344 5254 7
0,1 111 186 105 83 122 228 239 16 50278 80 5 8 1317 5276 7
0,1 111 186 105 83 118 228 48 80 50347 80 7 6 1209 5327 7
0,1 111 186 105 83 122 228 239 16 50235 80 5 8 702 5271 7
0,1 111 186 105 83 122 228 239 16 50283 80 6 7 1365 4448 7
0,1 111 186 105 83 118 228 48 96 50364 80 5 4 5111 662 7
0,1 111 186 105 83 122 228 239 16 50309 80 5 7 1307 4176 7
0,1 111 186 105 83 121 43 68 40 50390 80 4 5 604 4622 7
0,1 111 186 105 83 122 228 239 16 50237 80 6 7 764 4284 7
0,1 111 186 105 83 122 228 239 16 50224 80 5 7 813 4168 7
0,2 111 186 105 83 203 208 40 151 59402 443 6 6 2259 2635 188
0,1 111 186 105 83 1 202 200 89 50386 80 7 7 1316 3512 7
0,2 111 186 123 183 239 255 255 250 60117 1900 14 0 4480 0 12
0,2 111 186 105 208 224 0 0 251 5353 5353 8 0 4407 0 8
0,2 111 186 105 36 224 0 0 251 5353 5353 7 0 4247 0 8
0,1 111 186 105 83 122 228 239 16 50249 80 5 7 718 3500 7
0,1 111 186 105 83 122 228 239 16 50257 80 5 7 711 3455 7
0,2 10 0 3 240 239 255 255 250 42700 1900 12 0 3946 0 12
0,2 10 0 3 240 239 255 255 250 43896 1900 12 0 3946 0 12
0,2 10 0 3 240 239 255 255 250 46994 1900 12 0 3946 0 12
0,2 10 0 3 240 239 255 255 250 54089 1900 12 0 3946 0 12
0,1 111 186 105 83 122 228 239 16 50248 80 5 6 706 3145 7
0,1 111 186 105 83 112 65 149 149 50330 80 5 5 628 2972 7
0,1 111 186 105 83 122 228 239 16 50272 80 5 6 884 2712 7
0,1 111 186 105 83 122 228 239 16 50245 80 6 6 772 2802 7
0,1 111 186 105 83 122 228 239 16 50239 80 5 6 728 2727 7
0,1 111 186 105 83 122 228 239 16 50296 80 5 6 829 2619 7
0,1 111 186 105 83 122 228 239 16 50286 80 5 6 827 2604 7
0,1 111 186 105 83 122 228 239 16 50292 80 5 6 829 2562 7
0,2 111 186 123 27 224 0 0 251 5353 5353 6 0 3361 0 8
0,1 111 186 105 83 122 228 239 16 50263 80 5 6 746 2609 7
0,1 111 186 105 83 111 235 171 11 50389 80 5 5 632 2629 7
0,1 111 186 105 83 122 228 239 16 50289 80 5 6 825 2431 7
0,1 111 186 105 83 122 228 239 16 50231 80 5 6 730 2489 7
0,1 111 186 105 83 122 228 239 16 50300 80 5 6 831 2346 7
0,1 111 186 105 83 122 228 239 16 50282 80 5 6 835 2330 7
0,1 111 186 105 83 122 228 239 16 50261 80 5 6 712 2430 7
0,1 111 186 105 83 122 228 239 16 50312 80 5 6 829 2268 7
0,1 111 186 105 83 122 228 239 16 50269 80 5 6 814 2216 7
0,1 111 186 105 83 122 228 239 16 50287 80 5 6 811 2203 7
0,1 111 186 105 83 122 228 239 16 50314 80 5 6 829 2101 7
0,1 111 186 105 83 122 228 239 16 50310 80 5 6 829 2097 7
0,1 111 186 105 83 122 228 239 16 50307 80 5 6 830 2083 7
0,1 111 186 105 83 122 228 239 16 50285 80 5 6 808 2059 7
0,1 111 186 105 83 122 228 239 16 50313 80 5 6 829 2038 7
0,1 111 186 105 83 122 228 239 16 50243 80 5 6 733 2109 7
0,1 111 186 105 83 122 228 239 16 50223 80 5 6 645 2154 7
0,1 111 186 105 83 122 228 239 16 50232 80 5 6 734 2048 7
0,1 111 186 105 83 122 228 239 16 50247 80 5 6 720 2026 7
0,1 111 186 105 83 122 228 239 16 50266 80 5 6 759 1978 7
0,1 111 186 105 83 122 228 239 16 50318 80 5 6 858 1872 7
0,1 111 186 105 83 122 228 239 16 50259 80 5 6 701 2017 7
0,1 111 186 105 83 122 228 239 16 50302 80 5 6 836 1844 7
0,1 111 186 105 83 122 228 239 16 50321 80 5 5 943 1710 7
0,1 111 186 105 83 122 228 239 16 50322 80 5 5 943 1708 7
0,1 111 186 105 83 122 228 239 16 50299 80 5 5 831 1741 7
0,1 111 186 105 83 122 228 239 16 50250 80 5 6 720 1826 7
0,1 111 186 105 83 122 228 239 16 50317 80 5 5 818 1683 7
0,2 111 186 103 124 111 186 103 255 137 137 27 0 2484 0 10
0,1 111 186 105 83 122 228 239 16 50303 80 5 5 836 1619 7
0,1 111 186 105 83 122 228 239 16 50253 80 5 5 711 1726 7
0,1 111 186 105 83 122 228 239 16 50304 80 5 5 834 1554 7
0,1 111 186 105 83 122 228 239 16 50305 80 5 5 837 1549 7
0,1 111 186 105 83 122 228 239 16 50306 80 5 5 836 1530 7
0,2 111 186 105 250 224 0 0 251 5353 5353 10 0 2335 0 8
0,1 111 186 105 83 122 228 239 16 50291 80 5 5 829 1472 7
0,2 111 186 123 165 111 186 123 255 137 137 25 0 2300 0 10
0,1 111 186 105 83 122 228 239 16 50295 80 5 5 829 1458 7
0,1 111 186 105 83 122 228 239 16 50260 80 5 5 698 1586 7
0,1 111 186 105 83 122 228 239 16 50234 80 5 5 717 1561 7
0,1 111 186 105 83 122 228 239 16 50316 80 5 5 817 1449 7
0,2 111 186 123 113 111 186 123 255 137 137 24 0 2208 0 10
0,1 111 186 105 83 122 228 239 16 50233 80 5 5 737 1465 7
0,2 111 186 103 88 111 186 103 255 137 137 21 0 2148 0 10
0,3 58 51 100 224 111 186 105 83 0 0 26 0 2132 0 81
0,1 111 186 105 83 122 228 239 16 50308 80 5 5 832 1285 7
0,2 111 186 103 23 239 255 255 250 63060 1900 6 0 2115 0 12
0,1 111 186 105 83 122 228 239 16 50226 80 5 5 714 1376 7
0,2 111 186 103 124 239 255 255 250 51140 1900 12 0 2064 0 12
0,1 111 186 105 83 122 228 239 16 50252 80 5 5 715 1279 7
0,1 111 186 105 83 122 228 239 16 50258 80 5 5 704 1273 7
0,1 111 186 105 83 122 228 239 16 50319 80 5 5 813 1149 7
0,1 111 186 105 83 122 228 239 16 50320 80 5 5 816 1135 7
0,1 111 186 105 83 122 228 239 16 50228 80 5 5 716 1228 7
0,1 111 186 105 83 122 228 239 16 50297 80 5 5 828 1107 7
0,1 111 186 105 83 122 228 239 16 50301 80 5 5 830 1103 7
0,1 111 186 105 83 122 228 239 16 50293 80 5 5 828 1082 7
0,1 111 186 105 83 118 228 48 95 50370 80 4 3 978 931 7
0,1 111 186 105 83 122 228 239 16 50298 80 5 5 829 1037 7
0,1 111 186 105 83 122 228 239 16 50227 80 5 5 704 1089 7
0,1 111 186 105 83 118 228 48 95 50369 80 4 3 963 829 7
0,1 111 186 105 83 121 43 68 40 50384 80 4 3 552 1237 7
0,2 111 186 103 10 239 255 255 250 59406 1900 10 0 1750 0 12
0,1 111 186 105 83 122 228 239 16 50275 80 5 5 976 757 7
0,1 111 186 105 83 118 228 48 78 50365 80 4 3 828 892 7
0,1 111 186 105 83 122 228 239 16 50274 80 5 5 822 894 7
0,1 111 186 105 83 122 228 239 16 50294 80 5 5 832 866 7
0,1 111 186 105 83 122 228 239 16 50238 80 5 5 728 912 7
0,1 111 186 105 83 122 228 239 16 50230 80 5 5 730 864 7
0,1 111 186 105 83 111 235 171 11 50388 80 5 4 721 839 7
0,1 111 186 105 83 122 228 239 16 50255 80 5 5 703 856 7
0,1 111 186 105 83 122 228 239 16 50323 80 5 5 797 714 7
0,1 111 186 105 83 122 228 239 16 50229 80 5 5 728 714 7
0,1 111 186 105 83 122 228 239 16 50236 80 5 5 730 702 7
0,2 111 186 123 172 239 255 255 250 53121 1900 8 0 1432 0 12
0,2 111 186 123 44 239 255 255 250 56402 1900 3 0 1422 0 12
0,2 111 186 123 44 239 255 255 250 56407 1900 3 0 1422 0 12
0,2 111 186 123 44 239 255 255 250 57726 1900 3 0 1422 0 12
0,2 111 186 123 44 239 255 255 250 57731 1900 3 0 1422 0 12
0,2 111 186 123 44 239 255 255 250 57736 1900 3 0 1422 0 12
0,2 111 186 123 44 239 255 255 250 57741 1900 3 0 1422 0 12
0,2 111 186 123 177 239 255 255 250 50011 1900 3 0 1422 0 12
0,2 111 186 123 177 239 255 255 250 50016 1900 3 0 1422 0 12
0,2 111 186 123 177 239 255 255 250 52262 1900 3 0 1422 0 12
0,2 111 186 123 177 239 255 255 250 52267 1900 3 0 1422 0 12
0,2 111 186 123 177 239 255 255 250 54618 1900 3 0 1422 0 12
0,2 111 186 123 177 239 255 255 250 54623 1900 3 0 1422 0 12
0,2 111 186 123 177 239 255 255 250 64449 1900 3 0 1422 0 12
0,2 111 186 123 177 239 255 255 250 64454 1900 3 0 1422 0 12
0,2 111 186 105 63 239 255 255 250 60506 1900 3 0 1419 0 12
0,2 111 186 105 63 239 255 255 250 60658 1900 3 0 1419 0 12
0,2 111 186 105 63 239 255 255 250 60663 1900 3 0 1419 0 12
0,2 111 186 105 63 239 255 255 250 60669 1900 3 0 1419 0 12
0,2 111 186 105 63 239 255 255 250 60674 1900 3 0 1419 0 12
0,2 111 186 105 63 239 255 255 250 65522 1900 3 0 1419 0 12
0,2 111 186 105 63 239 255 255 250 65527 1900 3 0 1419 0 12
0,1 111 186 105 83 112 65 149 224 50333 80 4 3 626 756 7
0,2 111 186 123 40 239 255 255 250 49430 1900 9 0 1251 0 153
0,1 111 186 105 83 202 106 83 123 50270 80 5 3 735 452 7
0,2 10 0 3 250 10 0 3 255 138 138 5 0 1170 0 10
0,2 10 0 3 250 10 0 3 255 137 137 10 0 1100 0 10
0,2 111 186 103 7 239 255 255 250 50931 1900 4 0 864 0 12
0,2 111 186 103 60 239 255 255 250 65452 1900 4 0 864 0 12
0,2 111 186 105 10 239 255 255 250 63594 1900 4 0 864 0 12
0,2 111 186 105 86 239 255 255 250 64926 1900 4 0 864 0 12
0,2 111 186 105 230 239 255 255 250 60734 1900 4 0 864 0 12
0,2 111 186 123 109 239 255 255 250 56084 1900 4 0 864 0 12
0,2 111 186 123 228 239 255 255 250 57208 1900 4 0 864 0 12
0,2 111 186 103 29 239 255 255 250 58162 1900 4 0 860 0 12
0,2 111 186 103 115 239 255 255 250 57840 1900 4 0 860 0 12
0,2 111 186 103 156 239 255 255 250 55480 1900 4 0 860 0 12
0,2 111 186 105 58 239 255 255 250 56368 1900 4 0 860 0 12
0,2 111 186 105 63 239 255 255 250 63784 1900 4 0 860 0 12
0,2 111 186 105 69 239 255 255 250 60330 1900 4 0 860 0 12
0,2 111 186 105 83 239 255 255 250 64376 1900 4 0 860 0 12
0,2 111 186 105 90 239 255 255 250 51692 1900 4 0 860 0 12
0,2 111 186 105 116 239 255 255 250 61650 1900 4 0 860 0 12
0,2 111 186 105 237 239 255 255 250 51027 1900 4 0 860 0 12
0,2 111 186 105 251 239 255 255 250 56266 1900 4 0 860 0 12
0,2 111 186 123 3 239 255 255 250 52970 1900 4 0 860 0 12
0,2 111 186 123 17 239 255 255 250 64003 1900 4 0 860 0 12
0,2 111 186 123 70 239 255 255 250 61048 1900 4 0 860 0 12
0,2 111 186 123 108 239 255 255 250 59368 1900 4 0 860 0 12
0,2 111 186 123 113 239 255 255 250 49208 1900 4 0 860 0 12
0,2 111 186 123 150 239 255 255 250 52999 1900 4 0 860 0 12
0,2 111 186 123 163 239 255 255 250 61214 1900 4 0 860 0 12
0,2 111 186 123 108 111 186 123 255 137 137 9 0 828 0 10
0,1 111 186 105 83 58 51 100 224 50359 80 9 4 498 246 7
0,2 111 186 103 124 239 255 255 250 53560 1900 4 0 700 0 12
0,2 111 186 103 124 239 255 255 250 49778 1900 4 0 682 0 12
0,2 111 186 105 69 239 255 255 250 53571 1900 4 0 664 0 12
0,2 111 186 103 140 239 255 255 250 51371 1900 3 0 645 0 12
0,1 111 186 105 83 119 75 216 20 50204 443 8 2 433 126 91
0,2 111 186 105 251 111 186 105 255 137 137 6 0 552 0 10
0,2 111 186 123 3 239 255 255 250 50082 1900 3 0 537 0 12
0,2 111 186 123 44 239 255 255 250 56405 1900 1 0 524 0 12
0,2 111 186 123 44 239 255 255 250 56410 1900 1 0 524 0 12
0,2 111 186 123 44 239 255 255 250 57729 1900 1 0 524 0 12
0,2 111 186 123 44 239 255 255 250 57734 1900 1 0 524 0 12
0,2 111 186 123 44 239 255 255 250 57739 1900 1 0 524 0 12
0,2 111 186 123 44 239 255 255 250 57744 1900 1 0 524 0 12
0,2 111 186 123 177 239 255 255 250 50014 1900 1 0 524 0 12
0,2 111 186 123 177 239 255 255 250 50019 1900 1 0 524 0 12
0,2 111 186 123 177 239 255 255 250 52265 1900 1 0 524 0 12
0,2 111 186 123 177 239 255 255 250 52270 1900 1 0 524 0 12
0,2 111 186 123 177 239 255 255 250 54621 1900 1 0 524 0 12
0,2 111 186 123 177 239 255 255 250 54626 1900 1 0 524 0 12
0,2 111 186 123 177 239 255 255 250 64452 1900 1 0 524 0 12
0,2 111 186 123 177 239 255 255 250 64457 1900 1 0 524 0 12
0,2 111 186 123 44 239 255 255 250 56406 1900 1 0 522 0 12
0,2 111 186 123 44 239 255 255 250 56411 1900 1 0 522 0 12
0,2 111 186 123 44 239 255 255 250 57730 1900 1 0 522 0 12
0,2 111 186 123 44 239 255 255 250 57735 1900 1 0 522 0 12
0,2 111 186 123 44 239 255 255 250 57740 1900 1 0 522 0 12
0,2 111 186 123 44 239 255 255 250 57745 1900 1 0 522 0 12
0,2 111 186 123 177 239 255 255 250 50015 1900 1 0 522 0 12
0,2 111 186 123 177 239 255 255 250 50020 1900 1 0 522 0 12
0,2 111 186 123 177 239 255 255 250 52266 1900 1 0 522 0 12
0,2 111 186 123 177 239 255 255 250 52271 1900 1 0 522 0 12
0,2 111 186 123 177 239 255 255 250 54622 1900 1 0 522 0 12
0,2 111 186 123 177 239 255 255 250 54627 1900 1 0 522 0 12
0,2 111 186 123 177 239 255 255 250 64453 1900 1 0 522 0 12
0,2 111 186 123 177 239 255 255 250 64458 1900 1 0 522 0 12
0,2 111 186 123 44 239 255 255 250 56404 1900 1 0 512 0 12
0,2 111 186 123 44 239 255 255 250 56409 1900 1 0 512 0 12
0,2 111 186 123 44 239 255 255 250 57728 1900 1 0 512 0 12
0,2 111 186 123 44 239 255 255 250 57733 1900 1 0 512 0 12
0,2 111 186 123 44 239 255 255 250 57738 1900 1 0 512 0 12
0,2 111 186 123 44 239 255 255 250 57743 1900 1 0 512 0 12
0,2 111 186 123 177 239 255 255 250 50013 1900 1 0 512 0 12
0,2 111 186 123 177 239 255 255 250 50018 1900 1 0 512 0 12
0,2 111 186 123 177 239 255 255 250 52264 1900 1 0 512 0 12
0,2 111 186 123 177 239 255 255 250 52269 1900 1 0 512 0 12
0,2 111 186 123 177 239 255 255 250 54620 1900 1 0 512 0 12
0,2 111 186 123 177 239 255 255 250 54625 1900 1 0 512 0 12
0,2 111 186 123 177 239 255 255 250 64451 1900 1 0 512 0 12
0,2 111 186 123 177 239 255 255 250 64456 1900 1 0 512 0 12
0,2 111 186 105 63 239 255 255 250 60508 1900 1 0 511 0 12
0,2 111 186 105 63 239 255 255 250 60660 1900 1 0 511 0 12
0,2 111 186 105 63 239 255 255 250 60665 1900 1 0 511 0 12
0,2 111 186 105 63 239 255 255 250 60671 1900 1 0 511 0 12
0,2 111 186 105 63 239 255 255 250 60676 1900 1 0 511 0 12
0,2 111 186 105 63 239 255 255 250 65524 1900 1 0 511 0 12
0,2 111 186 105 63 239 255 255 250 65529 1900 1 0 511 0 12
0,2 111 186 123 44 239 255 255 250 56403 1900 1 0 506 0 12
0,2 111 186 123 44 239 255 255 250 56408 1900 1 0 506 0 12
0,2 111 186 123 44 239 255 255 250 57727 1900 1 0 506 0 12
0,2 111 186 123 44 239 255 255 250 57732 1900 1 0 506 0 12
0,2 111 186 123 44 239 255 255 250 57737 1900 1 0 506 0 12
0,2 111 186 123 44 239 255 255 250 57742 1900 1 0 506 0 12
0,2 111 186 123 177 239 255 255 250 50012 1900 1 0 506 0 12
0,2 111 186 123 177 239 255 255 250 50017 1900 1 0 506 0 12
0,2 111 186 123 177 239 255 255 250 52263 1900 1 0 506 0 12
0,2 111 186 123 177 239 255 255 250 52268 1900 1 0 506 0 12
0,2 111 186 123 177 239 255 255 250 54619 1900 1 0 506 0 12
0,2 111 186 123 177 239 255 255 250 54624 1900 1 0 506 0 12
0,2 111 186 123 177 239 255 255 250 64450 1900 1 0 506 0 12
0,2 111 186 123 177 239 255 255 250 64455 1900 1 0 506 0 12
0,2 111 186 105 63 239 255 255 250 60507 1900 1 0 505 0 12
0,2 111 186 105 63 239 255 255 250 60659 1900 1 0 505 0 12
0,2 111 186 105 63 239 255 255 250 60664 1900 1 0 505 0 12
0,2 111 186 105 63 239 255 255 250 60670 1900 1 0 505 0 12
0,2 111 186 105 63 239 255 255 250 60675 1900 1 0 505 0 12
0,2 111 186 105 63 239 255 255 250 65523 1900 1 0 505 0 12
0,2 111 186 105 63 239 255 255 250 65528 1900 1 0 505 0 12
0,1 111 186 105 83 182 61 248 33 50186 443 4 4 217 271 91
0,3 111 186 105 254 111 186 105 83 0 0 5 0 466 0 81
0,1 111 186 105 83 119 75 216 20 50189 443 3 4 163 271 91
0,2 111 186 103 23 239 255 255 250 10619 1900 2 0 430 0 12
0,2 111 186 123 43 239 255 255 250 54172 1900 2 0 430 0 12
0,1 111 186 105 83 182 61 248 33 50183 443 4 3 217 211 91
0,1 111 186 105 83 182 61 248 33 50184 443 4 3 217 211 91
0,1 111 186 105 83 182 61 248 33 50185 443 4 3 217 211 91
0,1 111 186 105 83 182 61 248 33 50192 443 4 3 217 211 91
0,1 111 186 105 83 182 61 248 33 50193 443 4 3 217 211 91
0,1 111 186 105 83 182 61 248 33 50194 443 4 3 217 211 91
0,1 111 186 105 83 182 61 248 33 50195 443 4 3 217 211 91
0,1 111 186 105 83 182 61 248 33 50196 443 4 3 217 211 91
0,1 111 186 105 83 182 61 248 33 50197 443 4 3 217 211 91
0,1 111 186 105 83 182 61 248 33 50198 443 4 3 217 211 91
0,1 111 186 105 83 182 61 248 33 50199 443 4 3 217 211 91
0,1 111 186 105 83 182 61 248 33 50200 443 4 3 217 211 91
0,1 111 186 105 83 182 61 248 33 50201 443 4 3 217 211 91
0,1 111 186 105 83 182 61 248 33 50202 443 4 3 217 211 91
0,1 111 186 105 83 182 61 248 33 50203 443 4 3 217 211 91
0,2 111 186 103 12 239 255 255 250 45517 1900 2 0 428 0 12
0,2 111 186 105 93 239 255 255 250 60547 1900 2 0 426 0 12
0,2 111 186 105 83 202 120 127 219 50454 53 1 2 78 336 5
0,2 111 186 105 83 202 120 127 219 59377 53 2 3 151 258 5
0,2 111 186 105 83 202 120 127 220 63669 53 3 2 221 180 5
0,2 111 186 105 83 202 120 127 219 53083 53 2 2 142 218 5
0,2 111 186 105 83 202 120 127 220 53083 53 2 2 142 218 5
0,2 111 186 105 83 202 120 127 219 64120 53 1 1 71 286 5
0,2 111 186 105 83 202 120 127 220 64120 53 1 1 71 286 5
0,2 111 186 105 83 202 120 127 220 60801 53 1 1 73 262 5
0,2 111 186 105 83 202 120 127 219 63669 53 2 2 148 180 5
0,2 111 186 105 83 202 120 127 220 58140 53 2 2 146 178 5
0,2 111 186 105 83 202 120 127 220 49621 53 4 0 316 0 5
0,2 111 186 105 83 202 120 127 220 56022 53 4 0 316 0 5
0,2 111 186 105 83 202 120 127 219 59627 53 1 1 76 240 5
0,2 111 186 105 83 202 120 127 220 59627 53 1 1 76 240 5
0,2 111 186 105 83 202 120 127 219 65158 53 1 1 76 240 5
0,2 111 186 105 83 202 120 127 219 59852 53 1 2 72 242 5
0,2 111 186 105 83 202 120 127 219 58291 53 1 2 71 240 5
0,2 111 186 105 83 202 120 127 219 52954 53 1 1 74 236 5
0,2 111 186 105 83 202 120 127 220 52954 53 1 1 74 236 5
0,2 111 186 105 83 202 120 127 219 58110 53 1 1 74 236 5
0,2 111 186 105 83 202 120 127 220 58110 53 1 1 74 236 5
0,2 111 186 105 83 202 120 127 219 59195 53 1 1 81 229 5
0,2 111 186 105 83 202 120 127 220 59195 53 1 1 81 229 5
0,2 111 186 105 83 202 120 127 219 63479 53 1 1 78 229 5
0,2 111 186 105 83 202 120 127 220 63479 53 1 1 78 229 5
0,2 111 186 105 83 202 120 127 219 52075 53 1 1 78 225 5
0,2 111 186 105 83 202 120 127 220 52075 53 1 1 78 225 5
0,2 111 186 105 83 202 120 127 219 59568 53 1 1 74 225 5
0,2 111 186 105 83 202 120 127 220 59568 53 1 1 74 225 5
0,2 111 186 105 83 202 120 127 220 49472 53 4 0 296 0 5
0,2 111 186 105 83 202 120 127 220 64374 53 1 1 73 218 5
0,2 111 186 105 83 202 120 127 220 49843 53 1 1 70 214 5
0,2 111 186 105 83 202 120 127 219 57236 53 1 1 70 210 5
0,2 111 186 105 83 202 120 127 220 57236 53 1 1 70 210 5
0,2 111 186 103 215 111 186 103 255 137 137 3 0 276 0 10
0,2 111 186 105 25 111 186 105 255 137 137 3 0 276 0 10
0,2 111 186 105 83 111 186 105 255 137 137 3 0 276 0 10
0,2 111 186 105 250 111 186 105 255 137 137 3 0 276 0 10
0,2 111 186 105 83 202 120 127 219 59999 53 1 1 77 189 5
0,2 111 186 105 83 202 120 127 219 65484 53 1 2 77 186 5
0,2 111 186 105 83 202 120 127 219 56828 53 1 1 81 181 5
0,2 111 186 105 83 202 120 127 219 52339 53 1 1 84 177 5
0,2 111 186 105 83 202 120 127 220 52339 53 1 1 84 177 5
0,2 111 186 105 83 202 120 127 219 56356 53 1 1 74 187 5
0,2 111 186 105 83 202 120 127 219 62590 53 1 1 76 183 5
0,2 111 186 105 83 202 120 127 219 63186 53 1 1 76 183 5
0,2 111 186 105 83 202 120 127 220 63186 53 1 1 76 183 5
0,2 111 186 123 147 111 186 123 255 138 138 1 0 258 0 10
0,2 111 186 105 83 202 120 127 219 50956 53 1 2 75 182 5
0,2 111 186 105 83 202 120 127 219 59932 53 1 1 76 178 5
0,2 111 186 105 83 202 120 127 220 59932 53 1 1 76 178 5
0,2 111 186 105 83 202 120 127 219 53343 53 1 1 74 179 5
0,2 111 186 105 83 202 120 127 220 53343 53 1 1 74 179 5
0,2 111 186 105 83 202 120 127 219 65460 53 1 1 74 179 5
0,2 111 186 123 191 111 186 123 255 138 138 1 0 252 0 10
0,2 111 186 105 83 202 120 127 219 58559 53 1 1 75 176 5
0,2 111 186 105 83 202 120 127 220 58559 53 1 1 75 176 5
0,2 111 186 105 83 202 120 127 219 63009 53 1 2 73 178 5
0,2 111 186 105 83 202 120 127 219 49581 53 1 1 80 170 5
0,2 111 186 105 83 202 120 127 219 55228 53 1 1 80 170 5
0,2 111 186 105 83 202 120 127 219 56752 53 1 1 76 173 5
0,2 111 186 105 83 202 120 127 220 56752 53 1 1 76 173 5
0,2 111 186 105 83 202 120 127 219 53496 53 1 1 71 177 5
0,2 111 186 105 83 202 120 127 220 53496 53 1 1 71 177 5
0,2 111 186 105 83 202 120 127 219 56060 53 1 1 79 169 5
0,2 111 186 105 83 202 120 127 220 56060 53 1 1 79 169 5
0,2 111 186 105 83 202 120 127 219 56574 53 1 1 79 169 5
0,2 111 186 105 83 202 120 127 220 56574 53 1 1 79 169 5
0,2 111 186 123 130 111 186 123 255 138 138 1 0 247 0 10
0,2 111 186 105 83 202 120 127 219 51316 53 1 1 78 168 5
0,2 111 186 105 83 202 120 127 220 51316 53 1 1 78 168 5
0,2 111 186 105 83 202 120 127 219 51335 53 1 1 78 168 5
0,2 111 186 105 83 202 120 127 219 61965 53 1 1 78 168 5
0,2 111 186 105 83 202 120 127 220 61965 53 1 1 78 168 5
0,2 111 186 105 83 202 120 127 219 63014 53 1 1 70 176 5
0,2 111 186 105 83 202 120 127 219 63750 53 1 1 73 172 5
0,2 111 186 105 83 202 120 127 220 63750 53 1 1 73 172 5
0,2 111 186 103 30 111 186 103 255 138 138 1 0 243 0 10
0,2 111 186 103 88 111 186 103 255 138 138 1 0 243 0 10
0,2 111 186 103 102 111 186 103 255 138 138 1 0 243 0 10
0,2 111 186 103 104 111 186 103 255 138 138 1 0 243 0 10
0,2 111 186 123 19 111 186 123 255 138 138 1 0 243 0 10
0,2 111 186 123 150 111 186 123 255 138 138 1 0 243 0 10
0,2 111 186 123 177 111 186 123 255 138 138 1 0 243 0 10
0,2 111 186 123 178 111 186 123 255 138 138 1 0 243 0 10
0,2 111 186 123 244 111 186 123 255 138 138 1 0 243 0 10
0,2 111 186 105 83 202 120 127 219 55550 53 1 2 70 172 5
0,2 111 186 105 83 202 120 127 219 62993 53 1 1 76 166 5
0,2 111 186 105 83 202 120 127 220 62993 53 1 1 76 166 5
0,2 111 186 105 83 202 120 127 219 63428 53 1 2 70 172 5
0,2 111 186 105 83 202 120 127 219 63685 53 1 1 76 166 5
0,2 111 186 105 83 202 120 127 219 53837 53 1 1 75 165 5
0,2 111 186 105 83 202 120 127 219 54269 53 1 1 75 165 5
0,2 111 186 105 83 202 120 127 220 54269 53 1 1 75 165 5
0,2 111 186 105 83 202 120 127 219 62745 53 1 1 74 164 5
0,2 111 186 105 83 202 120 127 220 62745 53 1 1 74 164 5
0,2 111 186 105 83 202 120 127 219 49621 53 3 0 237 0 5
0,2 111 186 105 83 202 120 127 219 53973 53 1 1 75 162 5
0,2 111 186 105 83 202 120 127 219 56022 53 3 0 237 0 5
0,2 111 186 105 83 202 120 127 220 54844 53 1 1 79 156 5
0,2 111 186 105 83 202 120 127 220 54866 53 1 1 79 156 5
0,2 111 186 105 83 202 120 127 220 55942 53 1 1 78 154 5
0,2 111 186 105 83 202 120 127 220 58233 53 1 1 78 154 5
0,2 111 186 105 83 202 120 127 219 60556 53 1 1 84 148 5
0,2 111 186 105 83 202 120 127 220 60556 53 1 1 84 148 5
0,2 111 186 105 83 202 120 127 220 63989 53 1 1 78 154 5
0,2 111 186 105 83 202 120 127 219 49810 53 1 1 75 156 5
0,2 111 186 105 83 202 120 127 220 59013 53 1 1 75 156 5
0,2 111 186 105 83 202 120 127 220 51984 53 1 1 77 152 5
0,2 111 186 105 83 202 120 127 220 63436 53 1 1 77 152 5
0,2 111 186 105 83 202 120 127 220 64373 53 1 1 77 152 5
0,2 111 186 105 83 202 120 127 220 64918 53 1 1 77 152 5
0,2 111 186 103 48 111 186 103 255 138 138 1 0 228 0 10
0,2 111 186 105 83 202 120 127 219 52513 53 1 1 76 151 5
0,2 111 186 105 83 202 120 127 220 52513 53 1 1 76 151 5
0,2 111 186 105 83 202 120 127 219 61627 53 1 1 77 150 5
0,2 111 186 105 83 202 120 127 220 61627 53 1 1 77 150 5
0,2 111 186 105 83 202 120 127 219 51621 53 1 1 75 151 5
0,2 111 186 105 83 202 120 127 220 51621 53 1 1 75 151 5
0,2 111 186 105 83 202 120 127 219 60121 53 1 1 75 149 5
0,2 111 186 105 83 202 120 127 220 60121 53 1 1 75 149 5
0,2 111 186 105 83 202 120 127 220 60204 53 1 1 75 148 5
0,2 111 186 105 83 202 120 127 220 60437 53 1 1 75 148 5
0,2 111 186 105 83 202 120 127 219 62936 53 1 1 87 136 5
0,2 111 186 105 83 202 120 127 220 62936 53 1 1 87 136 5
0,2 111 186 105 83 202 120 127 219 49472 53 3 0 222 0 5
0,2 111 186 105 83 202 120 127 219 63860 53 1 1 76 146 5
0,2 111 186 105 83 202 120 127 220 63860 53 1 1 76 146 5
0,2 111 186 105 83 202 120 127 219 58094 53 1 1 81 139 5
0,2 111 186 105 83 202 120 127 220 58094 53 1 1 81 139 5
0,2 111 186 105 83 202 120 127 219 62670 53 1 1 73 147 5
0,2 111 186 105 83 202 120 127 220 62670 53 1 1 73 147 5
0,2 111 186 105 83 202 120 127 219 63604 53 1 1 78 142 5
0,2 111 186 105 83 202 120 127 219 51538 53 1 1 76 142 5
0,2 111 186 105 83 202 120 127 220 51538 53 1 1 76 142 5
0,2 111 186 105 83 202 120 127 220 52762 53 1 1 77 141 5
0,2 111 186 105 83 202 120 127 220 59401 53 1 1 80 138 5
0,2 111 186 105 83 202 120 127 219 64108 53 1 1 81 137 5
0,2 111 186 105 83 202 120 127 219 59397 53 1 1 80 136 5
0,2 111 186 105 83 202 120 127 220 59397 53 1 1 80 136 5
0,2 111 186 105 83 202 120 127 220 61662 53 1 1 74 142 5
0,2 111 186 103 10 239 255 255 250 52517 1900 1 0 215 0 12
0,2 111 186 105 83 202 120 127 219 54913 53 1 1 82 133 5
0,2 111 186 105 83 202 120 127 220 54913 53 1 1 82 133 5
0,2 111 186 105 83 202 120 127 219 63102 53 1 1 74 140 5
0,2 111 186 105 83 202 120 127 220 63102 53 1 1 74 140 5
0,2 111 186 105 83 202 120 127 219 56177 53 1 1 74 139 5
0,2 111 186 105 83 202 120 127 220 56177 53 1 1 74 139 5
0,2 111 186 105 83 202 120 127 219 59392 53 1 1 74 138 5
0,2 111 186 105 83 202 120 127 220 59392 53 1 1 74 138 5
0,2 111 186 105 83 202 120 127 220 58341 53 1 1 80 131 5
0,2 111 186 105 83 202 120 127 219 51471 53 1 1 73 137 5
0,2 111 186 105 83 202 120 127 220 64224 53 1 1 75 135 5
0,2 111 186 105 83 202 120 127 220 54898 53 1 1 79 130 5
0,2 111 186 105 83 202 120 127 219 62211 53 1 1 79 130 5
0,2 111 186 105 83 202 120 127 220 62211 53 1 1 79 130 5
0,2 111 186 105 83 202 120 127 220 49480 53 1 1 74 134 5
0,2 111 186 105 83 202 120 127 220 52101 53 1 1 74 134 5
0,2 111 186 105 83 202 120 127 219 59146 53 1 1 76 132 5
0,2 111 186 105 83 202 120 127 220 63509 53 1 1 70 138 5
0,2 111 186 105 83 202 120 127 220 63849 53 1 1 74 134 5
0,2 111 186 105 83 202 120 127 219 50348 53 1 1 79 128 5
0,2 111 186 105 83 202 120 127 220 50348 53 1 1 79 128 5
0,2 111 186 105 83 202 120 127 219 53579 53 1 1 76 130 5
0,2 111 186 105 83 202 120 127 220 53579 53 1 1 76 130 5
0,2 111 186 105 83 202 120 127 220 59166 53 1 1 73 133 5
0,2 111 186 105 83 202 120 127 219 56813 53 1 1 78 127 5
0,2 111 186 105 83 202 120 127 220 56813 53 1 1 78 127 5
0,2 111 186 105 83 202 120 127 219 56947 53 1 1 78 127 5
0,2 111 186 105 83 202 120 127 219 63087 53 1 1 71 134 5
0,2 111 186 105 83 202 120 127 220 63087 53 1 1 71 134 5
0,2 111 186 105 83 202 120 127 219 54153 53 1 1 80 124 5
0,2 111 186 105 83 202 120 127 220 56687 53 1 1 72 132 5
0,2 111 186 105 83 202 120 127 219 60217 53 1 1 80 124 5
0,2 111 186 105 83 202 120 127 219 54627 53 1 1 77 126 5
0,2 111 186 105 83 202 120 127 220 54627 53 1 1 77 126 5
0,2 111 186 105 83 202 120 127 219 55649 53 1 1 75 128 5
0,2 111 186 105 83 202 120 127 220 55649 53 1 1 75 128 5
0,2 111 186 105 83 202 120 127 219 58195 53 1 1 77 126 5
0,2 111 186 105 83 202 120 127 220 58195 53 1 1 77 126 5
0,2 111 186 105 83 202 120 127 219 52013 53 1 1 76 126 5
0,2 111 186 105 83 202 120 127 219 57094 53 1 1 74 128 5
0,2 111 186 105 83 202 120 127 220 57094 53 1 1 74 128 5
0,2 111 186 105 83 202 120 127 219 57407 53 1 1 73 129 5
0,2 111 186 105 83 202 120 127 220 57407 53 1 1 73 129 5
0,2 111 186 105 83 202 120 127 219 62479 53 1 1 74 128 5
0,2 111 186 105 83 202 120 127 220 62479 53 1 1 74 128 5
0,2 111 186 105 83 202 120 127 219 65117 53 1 1 79 123 5
0,2 111 186 105 83 202 120 127 219 65207 53 1 1 79 123 5
0,2 111 186 105 83 202 120 127 219 55088 53 1 1 76 125 5
0,2 111 186 105 83 202 120 127 220 57318 53 1 1 79 122 5
0,2 111 186 105 83 202 120 127 219 60269 53 1 1 73 128 5
0,2 111 186 105 83 202 120 127 219 61562 53 1 1 76 125 5
0,2 111 186 105 83 202 120 127 220 61562 53 1 1 76 125 5
0,2 111 186 105 83 202 120 127 220 61813 53 1 1 79 122 5
0,2 111 186 105 83 202 120 127 219 64647 53 1 1 76 125 5
0,2 111 186 105 83 202 120 127 220 64647 53 1 1 76 125 5
0,2 111 186 105 83 202 120 127 219 53336 53 1 1 78 122 5
0,2 111 186 105 83 202 120 127 220 53336 53 1 1 78 122 5
0,2 111 186 105 83 202 120 127 219 54038 53 1 1 78 122 5
0,2 111 186 105 83 202 120 127 220 54038 53 1 1 78 122 5
0,2 111 186 105 83 202 120 127 220 55702 53 1 1 75 125 5
0,2 111 186 105 83 202 120 127 219 56551 53 1 1 78 122 5
0,2 111 186 105 83 202 120 127 220 56551 53 1 1 78 122 5
0,2 111 186 105 83 202 120 127 220 59727 53 1 1 75 125 5
0,2 111 186 105 83 202 120 127 219 64942 53 1 1 78 122 5
0,2 111 186 105 83 202 120 127 220 64942 53 1 1 78 122 5
0,2 111 186 105 83 202 120 127 219 54271 53 1 1 75 124 5
0,2 111 186 105 83 202 120 127 220 54271 53 1 1 75 124 5
0,2 111 186 105 83 202 120 127 219 54710 53 1 1 75 124 5
0,2 111 186 105 83 202 120 127 220 54710 53 1 1 75 124 5
0,2 111 186 105 83 202 120 127 219 57421 53 1 1 72 127 5
0,2 111 186 105 83 202 120 127 220 57421 53 1 1 72 127 5
0,2 111 186 105 83 202 120 127 220 52745 53 1 1 78 120 5
0,2 111 186 105 83 202 120 127 220 62225 53 1 1 78 120 5
0,2 111 186 105 83 202 120 127 220 64973 53 1 1 78 120 5
0,2 111 186 105 83 202 120 127 220 65000 53 1 1 75 123 5
0,2 111 186 105 83 202 120 127 219 52516 53 1 1 74 123 5
0,2 111 186 105 83 202 120 127 220 52516 53 1 1 74 123 5
0,2 111 186 105 83 202 120 127 219 53044 53 1 1 72 125 5
0,2 111 186 105 83 202 120 127 219 62757 53 1 1 73 124 5
0,2 111 186 105 83 202 120 127 220 62757 53 1 1 73 124 5
0,2 111 186 105 83 202 120 127 219 64715 53 1 1 74 123 5
0,2 111 186 105 83 202 120 127 220 64715 53 1 1 74 123 5
0,2 111 186 105 83 202 120 127 220 64874 53 1 1 75 122 5
0,2 111 186 105 83 202 120 127 219 57059 53 1 1 76 120 5
0,2 111 186 105 83 202 120 127 219 57589 53 1 1 76 120 5
0,2 111 186 105 83 202 120 127 219 52337 53 1 1 73 122 5
0,2 111 186 105 83 202 120 127 220 52337 53 1 1 73 122 5
0,2 111 186 105 83 202 120 127 219 54233 53 1 1 73 122 5
0,2 111 186 105 83 202 120 127 220 54233 53 1 1 73 122 5
0,2 111 186 105 83 202 120 127 219 55279 53 1 1 73 122 5
0,2 111 186 105 83 202 120 127 220 56052 53 1 1 77 118 5
0,2 111 186 105 83 202 120 127 220 56453 53 1 1 77 118 5
0,2 111 186 105 83 202 120 127 219 57091 53 1 1 73 122 5
0,2 111 186 105 83 202 120 127 220 57091 53 1 1 73 122 5
0,2 111 186 105 83 202 120 127 220 57482 53 1 1 77 118 5
0,2 111 186 105 83 202 120 127 219 57785 53 1 1 73 122 5
0,2 111 186 105 83 202 120 127 220 57785 53 1 1 73 122 5
0,2 111 186 105 83 202 120 127 220 57814 53 1 1 72 123 5
0,2 111 186 105 83 202 120 127 220 58397 53 1 1 77 118 5
0,2 111 186 105 83 202 120 127 219 62767 53 1 1 73 122 5
0,2 111 186 105 83 202 120 127 220 62767 53 1 1 73 122 5
0,2 111 186 105 83 202 120 127 219 63003 53 1 1 73 122 5
0,2 111 186 105 83 202 120 127 220 63003 53 1 1 73 122 5
0,2 111 186 105 83 202 120 127 219 50129 53 1 1 75 119 5
0,2 111 186 105 83 202 120 127 220 50129 53 1 1 75 119 5
0,2 111 186 105 83 202 120 127 219 52531 53 1 1 75 119 5
0,2 111 186 105 83 202 120 127 220 52531 53 1 1 75 119 5
0,2 111 186 105 83 202 120 127 219 57776 53 1 1 74 120 5
0,2 111 186 105 83 202 120 127 219 49553 53 1 1 72 121 5
0,2 111 186 105 83 202 120 127 220 49553 53 1 1 72 121 5
0,2 111 186 105 83 202 120 127 219 53164 53 1 1 70 123 5
0,2 111 186 105 83 202 120 127 220 53164 53 1 1 70 123 5
0,2 111 186 105 83 202 120 127 219 55936 53 1 1 72 121 5
0,2 111 186 105 83 202 120 127 220 55936 53 1 1 72 121 5
0,2 111 186 105 83 202 120 127 219 56508 53 1 1 72 121 5
0,2 111 186 105 83 202 120 127 219 59856 53 1 1 72 121 5
0,2 111 186 105 83 202 120 127 220 59856 53 1 1 72 121 5
0,2 111 186 105 83 202 120 127 220 49957 53 1 1 69 123 5
0,2 111 186 105 83 202 120 127 219 58399 53 1 1 74 118 5
0,2 111 186 105 83 202 120 127 220 58957 53 1 1 69 123 5
0,2 111 186 105 83 202 120 127 220 50621 53 1 1 70 121 5
0,2 111 186 105 83 202 120 127 219 56339 53 1 1 70 121 5
0,2 111 186 105 83 202 120 127 220 56339 53 1 1 70 121 5
0,2 111 186 105 83 202 120 127 219 58001 53 1 1 71 120 5
0,2 111 186 105 83 202 120 127 220 58001 53 1 1 71 120 5
0,2 111 186 105 83 202 120 127 219 58461 53 1 1 71 120 5
0,2 111 186 105 83 202 120 127 220 58461 53 1 1 71 120 5
0,2 111 186 105 83 202 120 127 219 59176 53 1 1 71 120 5
0,2 111 186 105 83 202 120 127 220 59176 53 1 1 71 120 5
0,2 111 186 105 83 202 120 127 219 60683 53 1 1 71 120 5
0,2 111 186 105 83 202 120 127 219 61430 53 1 1 71 120 5
0,2 111 186 105 83 202 120 127 220 61430 53 1 1 71 120 5
0,2 111 186 105 83 202 120 127 219 62816 53 1 1 71 120 5
0,2 111 186 105 83 202 120 127 220 62816 53 1 1 71 120 5
0,2 111 186 105 83 202 120 127 219 49813 53 1 1 87 103 5
0,2 111 186 105 83 202 120 127 220 49813 53 1 1 87 103 5
0,2 111 186 105 83 202 120 127 220 51377 53 1 1 75 115 5
0,2 111 186 105 83 202 120 127 219 52434 53 1 1 75 115 5
0,2 111 186 105 83 202 120 127 220 52434 53 1 1 75 115 5
0,2 111 186 105 83 202 120 127 219 63588 53 1 1 87 103 5
0,2 111 186 105 83 202 120 127 220 63588 53 1 1 87 103 5
0,2 111 186 105 83 202 120 127 219 50125 53 1 1 70 119 5
0,2 111 186 105 83 202 120 127 220 50125 53 1 1 70 119 5
0,2 111 186 105 83 202 120 127 219 51752 53 1 1 70 119 5
0,2 111 186 105 83 202 120 127 220 51752 53 1 1 70 119 5
0,2 111 186 105 83 202 120 127 220 51950 53 1 1 75 114 5
0,2 111 186 105 83 202 120 127 219 52576 53 1 1 70 119 5
0,2 111 186 105 83 202 120 127 220 52576 53 1 1 70 119 5
0,2 111 186 105 83 202 120 127 219 54704 53 1 1 70 119 5
0,2 111 186 105 83 202 120 127 220 54704 53 1 1 70 119 5
0,2 111 186 105 83 202 120 127 219 55457 53 1 1 70 119 5
0,2 111 186 105 83 202 120 127 220 55457 53 1 1 70 119 5
0,2 111 186 105 83 202 120 127 219 56745 53 1 1 70 119 5
0,2 111 186 105 83 202 120 127 220 56745 53 1 1 70 119 5
0,2 111 186 105 83 202 120 127 219 57088 53 1 1 70 119 5
0,2 111 186 105 83 202 120 127 220 57088 53 1 1 70 119 5
0,2 111 186 105 83 202 120 127 219 57794 53 1 1 70 119 5
0,2 111 186 105 83 202 120 127 220 57794 53 1 1 70 119 5
0,2 111 186 105 83 202 120 127 219 57846 53 1 1 70 119 5
0,2 111 186 105 83 202 120 127 220 57846 53 1 1 70 119 5
0,2 111 186 105 83 202 120 127 219 59233 53 1 1 70 119 5
0,2 111 186 105 83 202 120 127 220 59233 53 1 1 70 119 5
0,2 111 186 105 83 202 120 127 220 59772 53 1 1 70 119 5
0,2 111 186 105 83 202 120 127 219 60387 53 1 1 70 119 5
0,2 111 186 105 83 202 120 127 219 60411 53 1 1 70 119 5
0,2 111 186 105 83 202 120 127 220 60411 53 1 1 70 119 5
0,2 111 186 105 83 202 120 127 219 61427 53 1 1 70 119 5
0,2 111 186 105 83 202 120 127 219 62674 53 1 1 70 119 5
0,2 111 186 105 83 202 120 127 220 62674 53 1 1 70 119 5
0,2 111 186 105 83 202 120 127 219 62806 53 1 1 70 119 5
0,2 111 186 105 83 202 120 127 220 62806 53 1 1 70 119 5
0,2 111 186 105 83 202 120 127 220 63524 53 1 1 75 114 5
0,2 111 186 105 83 202 120 127 220 64011 53 1 1 69 120 5
0,2 111 186 105 83 202 120 127 219 64082 53 1 1 70 119 5
0,2 111 186 105 83 202 120 127 220 64082 53 1 1 70 119 5
0,2 111 186 105 83 202 120 127 219 64483 53 1 1 70 119 5
0,2 111 186 105 83 202 120 127 219 50908 53 1 1 75 113 5
0,2 111 186 105 83 202 120 127 220 50908 53 1 1 75 113 5
0,2 111 186 105 83 202 120 127 219 51428 53 1 1 71 115 5
0,2 111 186 105 83 202 120 127 220 51428 53 1 1 71 115 5
0,2 111 186 105 83 202 120 127 219 57583 53 1 1 74 111 5
0,2 111 186 105 83 202 120 127 220 57583 53 1 1 74 111 5
0,2 111 186 105 83 202 120 127 219 59283 53 1 1 74 111 5
0,2 111 186 105 83 202 120 127 220 53008 53 1 1 75 107 5
0,2 111 186 105 83 202 120 127 219 60711 53 1 1 76 104 5
0,2 111 186 105 83 202 120 127 219 63397 53 1 1 82 98 5
0,2 111 186 105 83 202 120 127 220 63397 53 1 1 82 98 5
0,2 10 0 3 250 224 0 0 251 5353 5353 1 0 179 0 8
0,2 111 186 105 83 202 120 127 219 55429 53 1 1 81 97 5
0,2 111 186 105 83 202 120 127 219 62616 53 1 1 81 97 5
0,2 111 186 105 83 202 120 127 220 62616 53 1 1 81 97 5
0,2 111 186 105 83 202 120 127 220 59896 53 1 1 80 96 5
0,2 111 186 105 83 202 120 127 220 62247 53 1 1 80 96 5
0,2 111 186 105 83 202 120 127 219 52459 53 1 1 79 95 5
0,2 111 186 105 83 202 120 127 219 54947 53 1 1 87 87 5
0,2 111 186 105 83 202 120 127 220 54947 53 1 1 87 87 5
0,2 111 186 105 83 202 120 127 220 63957 53 1 1 79 95 5
0,2 111 186 105 83 202 120 127 220 65324 53 1 1 79 95 5
0,2 111 186 103 116 224 0 0 251 5353 5353 1 0 173 0 8
0,2 111 186 105 83 202 120 127 219 52276 53 1 1 78 94 5
0,2 111 186 105 83 202 120 127 220 52276 53 1 1 78 94 5
0,2 111 186 105 83 202 120 127 219 53765 53 1 1 78 94 5
0,2 111 186 105 83 202 120 127 220 61420 53 1 1 78 94 5
0,2 111 186 105 83 202 120 127 219 62394 53 1 1 78 94 5
0,2 111 186 105 83 202 120 127 220 62394 53 1 1 78 94 5
0,2 111 186 105 83 202 120 127 219 49853 53 1 1 77 93 5
0,2 111 186 105 83 202 120 127 220 49853 53 1 1 77 93 5
0,2 111 186 105 83 202 120 127 219 51252 53 1 1 77 93 5
0,2 111 186 105 83 202 120 127 220 51252 53 1 1 77 93 5
0,2 111 186 105 83 202 120 127 220 57928 53 1 1 77 93 5
0,2 111 186 105 83 202 120 127 219 58578 53 1 1 77 93 5
0,2 111 186 105 83 202 120 127 220 58578 53 1 1 77 93 5
0,2 111 186 105 83 202 120 127 219 59882 53 1 1 77 93 5
0,2 111 186 105 83 202 120 127 219 53776 53 1 1 76 92 5
0,2 111 186 105 83 202 120 127 220 53776 53 1 1 76 92 5
0,2 111 186 105 83 202 120 127 219 54023 53 1 1 76 92 5
0,2 111 186 105 83 202 120 127 219 57043 53 1 1 76 92 5
0,2 111 186 105 83 202 120 127 219 58289 53 1 1 76 92 5
0,2 111 186 105 83 202 120 127 220 58289 53 1 1 76 92 5
0,2 111 186 105 83 202 120 127 219 62728 53 1 1 76 92 5
0,2 111 186 105 83 202 120 127 220 62728 53 1 1 76 92 5
0,2 111 186 105 83 202 120 127 219 63581 53 1 1 76 92 5
0,2 111 186 105 83 202 120 127 220 63581 53 1 1 76 92 5
0,2 111 186 105 83 202 120 127 219 64020 53 1 1 76 92 5
0,2 111 186 105 83 202 120 127 220 64020 53 1 1 76 92 5
0,2 111 186 105 83 202 120 127 219 65334 53 1 1 76 92 5
0,2 111 186 105 83 202 120 127 219 49554 53 1 1 75 91 5
0,2 111 186 105 83 202 120 127 219 52321 53 1 1 75 91 5
0,2 111 186 105 83 202 120 127 220 55626 53 1 1 75 91 5
0,2 111 186 105 83 202 120 127 220 57987 53 1 1 75 91 5
0,2 111 186 105 83 202 120 127 219 60254 53 1 1 75 91 5
0,2 111 186 105 83 202 120 127 220 60254 53 1 1 75 91 5
0,2 111 186 105 83 202 120 127 220 49730 53 1 1 74 90 5
0,2 111 186 105 83 202 120 127 219 50394 53 1 1 74 90 5
0,2 111 186 105 83 202 120 127 220 50394 53 1 1 74 90 5
0,2 111 186 105 83 202 120 127 220 51571 53 1 1 74 90 5
0,2 111 186 105 83 202 120 127 219 52439 53 1 1 74 90 5
0,2 111 186 105 83 202 120 127 220 52439 53 1 1 74 90 5
0,2 111 186 105 83 202 120 127 219 58140 53 1 1 74 90 5
0,2 111 186 105 83 202 120 127 219 60582 53 1 1 74 90 5
0,2 111 186 105 83 202 120 127 220 60582 53 1 1 74 90 5
0,2 111 186 105 83 202 120 127 220 64656 53 1 1 74 90 5
0,2 111 186 105 83 202 120 127 220 65046 53 1 1 74 90 5
0,2 111 186 105 83 202 120 127 219 52608 53 1 1 73 89 5
0,2 111 186 105 83 202 120 127 220 54261 53 1 1 73 89 5
0,2 111 186 105 83 202 120 127 219 54628 53 1 1 73 89 5
0,2 111 186 105 83 202 120 127 220 54628 53 1 1 73 89 5
0,2 111 186 105 83 202 120 127 219 55278 53 1 1 73 89 5
0,2 111 186 105 83 202 120 127 219 55464 53 1 1 73 89 5
0,2 111 186 105 83 202 120 127 219 55991 53 1 1 73 89 5
1,2 111 186 123 175 224 0 0 251 5353 5353 86 0 18927 0 8
1,2 111 186 123 183 239 255 255 250 64776 1900 23 0 7360 0 12
1,2 111 186 123 113 111 186 123 255 137 137 48 0 4416 0 10
1,2 172 25 58 94 239 255 255 250 63334 1900 24 0 4296 0 12
1,2 10 0 3 240 239 255 255 250 42700 1900 12 0 3946 0 12
1,2 10 0 3 240 239 255 255 250 43896 1900 12 0 3946 0 12
1,2 10 0 3 240 239 255 255 250 46994 1900 12 0 3946 0 12
1,2 10 0 3 240 239 255 255 250 54089 1900 12 0 3946 0 12
1,2 10 0 3 250 10 0 3 255 138 138 16 0 3762 0 10
1,2 111 186 123 175 111 186 123 255 138 138 14 0 3274 0 10
1,2 111 186 123 9 111 186 123 255 137 137 34 0 3128 0 10
1,2 111 186 123 14 111 186 123 255 138 138 13 0 3087 0 10
1,2 111 186 103 54 111 186 103 255 137 137 30 0 2760 0 10
1,2 111 186 123 44 111 186 123 255 138 138 11 0 2583 0 10
1,2 111 186 123 137 111 186 123 255 138 138 10 0 2406 0 10
1,2 111 186 123 139 111 186 123 255 138 138 10 0 2406 0 10
1,2 111 186 123 143 111 186 123 255 138 138 10 0 2406 0 10
1,2 111 186 123 149 111 186 123 255 138 138 10 0 2406 0 10
1,2 111 186 123 161 111 186 123 255 138 138 10 0 2406 0 10
1,2 111 186 123 180 111 186 123 255 138 138 10 0 2406 0 10
1,2 111 186 105 36 224 0 0 251 5353 5353 2 0 2387 0 8
1,2 111 186 123 191 111 186 123 255 138 138 10 0 2384 0 10
1,2 111 186 123 32 111 186 123 255 138 138 10 0 2358 0 10
1,2 111 186 123 145 111 186 123 255 138 138 10 0 2356 0 10
1,2 111 186 123 104 111 186 123 255 138 138 10 0 2350 0 10
1,2 111 186 123 83 111 186 123 255 138 138 10 0 2342 0 10
1,2 111 186 103 103 224 0 0 251 5353 5353 39 0 2340 0 8
1,2 111 186 123 211 111 186 123 255 138 138 10 0 2326 0 10
1,2 10 0 3 250 10 0 3 255 137 137 20 0 2200 0 10
1,2 111 186 123 17 111 186 123 255 137 137 21 0 2148 0 10
1,2 111 186 123 90 239 255 255 250 50708 1900 15 0 2145 0 12
1,2 111 186 103 52 111 186 103 255 137 137 23 0 2116 0 10
1,2 111 186 123 40 239 255 255 250 57437 1900 15 0 2085 0 153
1,2 111 186 105 82 239 255 255 250 49487 1900 12 0 2056 0 12
1,2 10 0 3 250 239 255 255 250 52924 1900 6 0 1964 0 12
1,2 111 186 123 219 224 0 0 251 5353 5353 13 0 1899 0 8
1,2 111 186 123 163 111 186 123 255 138 138 8 0 1856 0 10
1,2 10 0 64 51 224 0 0 251 5353 5353 2 0 1838 0 8
1,2 111 186 123 102 111 186 123 255 138 138 8 0 1816 0 10
1,2 111 186 123 17 239 255 255 250 64838 1900 10 0 1714 0 12
1,2 111 186 105 82 111 186 105 255 137 137 15 0 1596 0 10
1,2 172 25 58 168 239 255 255 250 2250 1900 5 0 1518 0 12
1,2 172 25 58 113 224 0 0 251 5353 5353 10 0 1482 0 8
1,2 111 186 123 165 239 255 255 250 55292 1900 3 0 1425 0 12
1,2 111 186 123 165 239 255 255 250 55297 1900 3 0 1425 0 12
1,2 111 186 123 165 239 255 255 250 55303 1900 3 0 1425 0 12
1,2 111 186 123 165 239 255 255 250 55308 1900 3 0 1425 0 12
1,2 111 186 123 165 239 255 255 250 55536 1900 3 0 1425 0 12
1,2 111 186 123 165 239 255 255 250 55541 1900 3 0 1425 0 12
1,2 111 186 123 165 239 255 255 250 60371 1900 3 0 1425 0 12
1,2 111 186 123 165 239 255 255 250 60376 1900 3 0 1425 0 12
1,2 111 186 123 165 239 255 255 250 64791 1900 3 0 1425 0 12
1,2 111 186 123 165 239 255 255 250 64796 1900 3 0 1425 0 12
1,2 111 186 123 165 239 255 255 250 64802 1900 3 0 1425 0 12
1,2 111 186 123 165 239 255 255 250 64807 1900 3 0 1425 0 12
1,2 111 186 103 105 239 255 255 250 55055 1900 3 0 1422 0 12
1,2 111 186 103 105 239 255 255 250 55060 1900 3 0 1422 0 12
1,2 111 186 103 105 239 255 255 250 55065 1900 3 0 1422 0 12
1,2 111 186 103 105 239 255 255 250 55070 1900 3 0 1422 0 12
1,2 111 186 103 105 239 255 255 250 55079 1900 3 0 1422 0 12
1,2 111 186 103 105 239 255 255 250 55084 1900 3 0 1422 0 12
1,2 111 186 103 105 239 255 255 250 58472 1900 3 0 1422 0 12
1,2 111 186 103 105 239 255 255 250 58477 1900 3 0 1422 0 12
1,2 111 186 103 105 239 255 255 250 58482 1900 3 0 1422 0 12
1,2 111 186 103 105 239 255 255 250 58487 1900 3 0 1422 0 12
1,2 111 186 103 105 239 255 255 250 58492 1900 3 0 1422 0 12
1,2 111 186 103 105 239 255 255 250 58497 1900 3 0 1422 0 12
1,2 111 186 123 44 239 255 255 250 52146 1900 3 0 1422 0 12
1,2 111 186 123 44 239 255 255 250 52151 1900 3 0 1422 0 12
1,2 111 186 123 44 239 255 255 250 52158 1900 3 0 1422 0 12
1,2 111 186 123 44 239 255 255 250 52163 1900 3 0 1422 0 12
1,2 111 186 123 44 239 255 255 250 52168 1900 3 0 1422 0 12
1,2 111 186 123 44 239 255 255 250 52173 1900 3 0 1422 0 12
1,2 111 186 123 44 239 255 255 250 61013 1900 3 0 1422 0 12
1,2 111 186 123 44 239 255 255 250 61018 1900 3 0 1422 0 12
1,2 111 186 123 44 239 255 255 250 61024 1900 3 0 1422 0 12
1,2 111 186 123 44 239 255 255 250 61029 1900 3 0 1422 0 12
1,2 111 186 123 174 239 255 255 250 50105 1900 3 0 1422 0 12
1,2 111 186 123 174 239 255 255 250 50110 1900 3 0 1422 0 12
1,2 111 186 123 174 239 255 255 250 54765 1900 3 0 1422 0 12
1,2 111 186 123 174 239 255 255 250 54770 1900 3 0 1422 0 12
1,2 111 186 123 174 239 255 255 250 54788 1900 3 0 1422 0 12
1,2 111 186 123 174 239 255 255 250 54793 1900 3 0 1422 0 12
1,2 111 186 123 174 239 255 255 250 60351 1900 3 0 1422 0 12
1,2 111 186 123 174 239 255 255 250 60356 1900 3 0 1422 0 12
1,2 111 186 123 174 239 255 255 250 61137 1900 3 0 1422 0 12
1,2 111 186 123 174 239 255 255 250 61142 1900 3 0 1422 0 12
1,2 111 186 123 174 239 255 255 250 61161 1900 3 0 1422 0 12
1,2 111 186 123 174 239 255 255 250 61166 1900 3 0 1422 0 12
1,2 111 186 123 177 239 255 255 250 49445 1900 3 0 1422 0 12
1,2 111 186 123 177 239 255 255 250 49450 1900 3 0 1422 0 12
1,2 111 186 123 177 239 255 255 250 49456 1900 3 0 1422 0 12
1,2 111 186 123 177 239 255 255 250 49461 1900 3 0 1422 0 12
1,2 111 186 123 177 239 255 255 250 50451 1900 3 0 1422 0 12
1,2 111 186 123 177 239 255 255 250 50456 1900 3 0 1422 0 12
1,2 111 186 123 177 239 255 255 250 50463 1900 3 0 1422 0 12
1,2 111 186 123 177 239 255 255 250 50468 1900 3 0 1422 0 12
1,2 111 186 123 177 239 255 255 250 64867 1900 3 0 1422 0 12
1,2 111 186 123 177 239 255 255 250 64872 1900 3 0 1422 0 12
1,2 111 186 123 177 239 255 255 250 64877 1900 3 0 1422 0 12
1,2 111 186 123 177 239 255 255 250 64882 1900 3 0 1422 0 12
1,2 111 186 103 32 239 255 255 250 59793 1900 3 0 1419 0 12
1,2 111 186 103 32 239 255 255 250 59798 1900 3 0 1419 0 12
1,2 111 186 103 32 239 255 255 250 59803 1900 3 0 1419 0 12
1,2 111 186 103 32 239 255 255 250 59808 1900 3 0 1419 0 12
1,2 111 186 103 32 239 255 255 250 60849 1900 3 0 1419 0 12
1,2 111 186 103 32 239 255 255 250 60854 1900 3 0 1419 0 12
1,2 111 186 103 32 239 255 255 250 62567 1900 3 0 1419 0 12
1,2 111 186 103 32 239 255 255 250 62572 1900 3 0 1419 0 12
1,2 111 186 103 32 239 255 255 250 62577 1900 3 0 1419 0 12
1,2 111 186 103 32 239 255 255 250 62582 1900 3 0 1419 0 12
1,2 111 186 103 32 239 255 255 250 62587 1900 3 0 1419 0 12
1,2 111 186 103 32 239 255 255 250 62592 1900 3 0 1419 0 12
1,2 111 186 105 63 239 255 255 250 55614 1900 3 0 1419 0 12
1,2 111 186 105 63 239 255 255 250 55619 1900 3 0 1419 0 12
1,2 111 186 105 63 239 255 255 250 55624 1900 3 0 1419 0 12
1,2 111 186 105 63 239 255 255 250 55629 1900 3 0 1419 0 12
1,2 111 186 105 63 239 255 255 250 55638 1900 3 0 1419 0 12
1,2 111 186 105 63 239 255 255 250 55643 1900 3 0 1419 0 12
1,2 111 186 105 63 239 255 255 250 55648 1900 3 0 1419 0 12
1,2 111 186 105 63 239 255 255 250 55653 1900 3 0 1419 0 12
1,2 111 186 105 63 239 255 255 250 55658 1900 3 0 1419 0 12
1,2 111 186 105 63 239 255 255 250 55663 1900 3 0 1419 0 12
1,2 111 186 105 63 239 255 255 250 55669 1900 3 0 1419 0 12
1,2 111 186 105 63 239 255 255 250 55674 1900 3 0 1419 0 12
1,2 111 186 123 175 111 186 123 255 137 137 15 0 1380 0 10
1,2 111 186 123 17 111 186 123 255 138 138 6 0 1356 0 10
1,2 111 186 123 219 111 186 123 255 137 137 12 0 1320 0 10
1,2 111 186 103 54 239 255 255 250 54846 1900 6 0 1074 0 12
1,2 111 186 103 10 239 255 255 250 61531 1900 6 0 1050 0 12
1,2 111 186 105 179 239 255 255 250 64371 1900 6 0 1050 0 12
1,2 111 186 123 53 239 255 255 250 50243 1900 6 0 996 0 12
1,2 111 186 123 130 239 255 255 250 49644 1900 6 0 996 0 12
1,2 111 186 123 17 224 0 0 251 5353 5353 12 0 984 0 8
1,2 111 186 123 126 111 186 123 255 137 137 10 0 920 0 10
1,2 111 186 103 7 239 255 255 250 60262 1900 4 0 864 0 12
1,2 111 186 103 9 239 255 255 250 65160 1900 4 0 864 0 12
1,2 111 186 103 54 239 255 255 250 55685 1900 4 0 864 0 12
1,2 111 186 103 54 239 255 255 250 64981 1900 4 0 864 0 12
1,2 111 186 103 60 239 255 255 250 65491 1900 4 0 864 0 12
1,2 111 186 103 88 239 255 255 250 65504 1900 4 0 864 0 12
1,2 111 186 105 10 239 255 255 250 53265 1900 4 0 864 0 12
1,2 111 186 105 86 239 255 255 250 59149 1900 4 0 864 0 12
1,2 111 186 105 230 239 255 255 250 63595 1900 4 0 864 0 12
1,2 111 186 123 104 239 255 255 250 61616 1900 4 0 864 0 12
1,2 111 186 123 109 239 255 255 250 64239 1900 4 0 864 0 12
1,2 111 186 123 126 239 255 255 250 51916 1900 4 0 864 0 12
1,2 111 186 123 178 239 255 255 250 56206 1900 4 0 864 0 12
1,2 111 186 123 186 239 255 255 250 52655 1900 4 0 864 0 12
1,2 111 186 123 228 239 255 255 250 60588 1900 4 0 864 0 12
1,2 111 186 103 31 239 255 255 250 56328 1900 4 0 860 0 12
1,2 111 186 103 32 239 255 255 250 62566 1900 4 0 860 0 12
1,2 111 186 103 52 239 255 255 250 63331 1900 4 0 860 0 12
1,2 111 186 103 137 239 255 255 250 54813 1900 4 0 860 0 12
1,2 111 186 103 140 239 255 255 250 65237 1900 4 0 860 0 12
1,2 111 186 103 150 239 255 255 250 62119 1900 4 0 860 0 12
1,2 111 186 103 174 239 255 255 250 61267 1900 4 0 860 0 12
1,2 111 186 103 188 239 255 255 250 63219 1900 4 0 860 0 12
1,2 111 186 103 215 239 255 255 250 61588 1900 4 0 860 0 12
1,2 111 186 105 63 239 255 255 250 55668 1900 4 0 860 0 12
1,2 111 186 105 69 239 255 255 250 63545 1900 4 0 860 0 12
1,2 111 186 105 75 239 255 255 250 49377 1900 4 0 860 0 12
1,2 111 186 105 83 239 255 255 250 59523 1900 4 0 860 0 12
1,2 111 186 105 90 239 255 255 250 64399 1900 4 0 860 0 12
1,2 111 186 105 103 239 255 255 250 57882 1900 4 0 860 0 12
1,2 111 186 105 179 239 255 255 250 55344 1900 4 0 860 0 12
1,2 111 186 105 204 239 255 255 250 59335 1900 4 0 860 0 12
1,2 111 186 105 242 239 255 255 250 60103 1900 4 0 860 0 12
1,2 111 186 105 251 239 255 255 250 53352 1900 4 0 860 0 12
1,2 111 186 123 3 239 255 255 250 59135 1900 4 0 860 0 12
1,2 111 186 123 17 239 255 255 250 58494 1900 4 0 860 0 12
1,2 111 186 123 44 239 255 255 250 52179 1900 4 0 860 0 12
1,2 111 186 123 78 239 255 255 250 60868 1900 4 0 860 0 12
1,2 111 186 123 83 239 255 255 250 51338 1900 4 0 860 0 12
1,2 111 186 123 102 239 255 255 250 65529 1900 4 0 860 0 12
1,2 111 186 123 108 239 255 255 250 61329 1900 4 0 860 0 12
1,2 111 186 123 113 239 255 255 250 50013 1900 4 0 860 0 12
1,2 111 186 123 115 239 255 255 250 62637 1900 4 0 860 0 12
1,2 111 186 123 124 239 255 255 250 63019 1900 4 0 860 0 12
1,2 111 186 123 129 239 255 255 250 60661 1900 4 0 860 0 12
1,2 111 186 123 150 239 255 255 250 63107 1900 4 0 860 0 12
1,2 111 186 123 158 239 255 255 250 61190 1900 4 0 860 0 12
1,2 111 186 123 160 239 255 255 250 50594 1900 4 0 860 0 12
1,2 111 186 123 163 239 255 255 250 55665 1900 4 0 860 0 12
1,2 111 186 123 174 239 255 255 250 61157 1900 4 0 860 0 12
1,2 111 186 123 181 239 255 255 250 55309 1900 4 0 860 0 12
1,2 111 186 123 200 239 255 255 250 62979 1900 4 0 860 0 12
1,2 172 25 58 94 239 255 255 250 60408 1900 4 0 860 0 12
1,2 111 186 103 12 239 255 255 250 60195 1900 4 0 856 0 12
1,2 111 186 103 236 239 255 255 250 53214 1900 4 0 856 0 12
1,2 111 186 123 168 239 255 255 250 65194 1900 4 0 856 0 12
1,2 111 186 103 149 239 255 255 250 40892 1900 4 0 852 0 12
1,2 111 186 103 12 239 255 255 250 47662 1900 4 0 836 0 12
1,2 111 186 103 149 239 255 255 250 53734 1900 4 0 832 0 12
1,2 111 186 123 168 111 186 123 255 137 137 9 0 828 0 10
1,2 111 186 123 180 111 186 123 255 137 137 9 0 828 0 10
1,2 111 186 123 11 224 0 0 251 5353 5353 1 0 701 0 8
1,2 111 186 105 111 239 255 255 250 53967 1900 4 0 671 0 12
1,1 111 186 105 83 151 101 78 133 54240 443 4 6 218 449 91
1,1 111 186 105 83 151 101 78 49 54401 443 4 6 218 449 91
1,2 111 186 123 9 111 186 123 255 138 138 3 0 666 0 10
1,1 111 186 105 83 151 101 78 133 54241 443 4 5 217 383 91
1,2 172 25 58 94 172 25 58 255 137 137 6 0 552 0 10
1,2 111 186 123 41 111 186 123 255 137 137 5 0 550 0 10
1,1 111 186 105 83 151 101 78 2 54343 443 3 5 163 383 91
1,2 111 186 105 243 239 255 255 250 55470 1900 3 0 537 0 12
1,2 111 186 123 186 239 255 255 250 49966 1900 3 0 537 0 12
1,2 111 186 123 165 239 255 255 250 55295 1900 1 0 525 0 12
1,2 111 186 123 165 239 255 255 250 55300 1900 1 0 525 0 12
1,2 111 186 123 165 239 255 255 250 55306 1900 1 0 525 0 12
1,2 111 186 123 165 239 255 255 250 55311 1900 1 0 525 0 12
1,2 111 186 123 165 239 255 255 250 55539 1900 1 0 525 0 12
1,2 111 186 123 165 239 255 255 250 55544 1900 1 0 525 0 12
1,2 111 186 123 165 239 255 255 250 60374 1900 1 0 525 0 12
1,2 111 186 123 165 239 255 255 250 60379 1900 1 0 525 0 12
1,2 111 186 123 165 239 255 255 250 64794 1900 1 0 525 0 12
1,2 111 186 123 165 239 255 255 250 64799 1900 1 0 525 0 12
1,2 111 186 123 165 239 255 255 250 64805 1900 1 0 525 0 12
1,2 111 186 123 165 239 255 255 250 64810 1900 1 0 525 0 12
1,2 111 186 123 44 239 255 255 250 52149 1900 1 0 524 0 12
1,2 111 186 123 44 239 255 255 250 52154 1900 1 0 524 0 12
1,2 111 186 123 44 239 255 255 250 52161 1900 1 0 524 0 12
1,2 111 186 123 44 239 255 255 250 52166 1900 1 0 524 0 12
1,2 111 186 123 44 239 255 255 250 52171 1900 1 0 524 0 12
1,2 111 186 123 44 239 255 255 250 52176 1900 1 0 524 0 12
1,2 111 186 123 44 239 255 255 250 61016 1900 1 0 524 0 12
1,2 111 186 123 44 239 255 255 250 61021 1900 1 0 524 0 12
1,2 111 186 123 44 239 255 255 250 61027 1900 1 0 524 0 12
1,2 111 186 123 44 239 255 255 250 61032 1900 1 0 524 0 12
1,2 111 186 123 174 239 255 255 250 50108 1900 1 0 524 0 12
1,2 111 186 123 174 239 255 255 250 50113 1900 1 0 524 0 12
1,2 111 186 123 174 239 255 255 250 54768 1900 1 0 524 0 12
1,2 111 186 123 174 239 255 255 250 54773 1900 1 0 524 0 12
1,2 111 186 123 174 239 255 255 250 54791 1900 1 0 524 0 12
1,2 111 186 123 174 239 255 255 250 54796 1900 1 0 524 0 12
1,2 111 186 123 174 239 255 255 250 60354 1900 1 0 524 0 12
1,2 111 186 123 174 239 255 255 250 60359 1900 1 0 524 0 12
1,2 111 186 123 174 239 255 255 250 61140 1900 1 0 524 0 12
1,2 111 186 123 174 239 255 255 250 61145 1900 1 0 524 0 12
1,2 111 186 123 174 239 255 255 250 61164 1900 1 0 524 0 12
1,2 111 186 123 174 239 255 255 250 61169 1900 1 0 524 0 12
1,2 111 186 123 177 239 255 255 250 49448 1900 1 0 524 0 12
1,2 111 186 123 177 239 255 255 250 49453 1900 1 0 524 0 12
1,2 111 186 123 177 239 255 255 250 49459 1900 1 0 524 0 12
1,2 111 186 123 177 239 255 255 250 49464 1900 1 0 524 0 12
1,2 111 186 123 177 239 255 255 250 50454 1900 1 0 524 0 12
1,2 111 186 123 177 239 255 255 250 50459 1900 1 0 524 0 12
1,2 111 186 123 177 239 255 255 250 50466 1900 1 0 524 0 12
1,2 111 186 123 177 239 255 255 250 50471 1900 1 0 524 0 12
1,2 111 186 123 177 239 255 255 250 64870 1900 1 0 524 0 12
1,2 111 186 123 177 239 255 255 250 64875 1900 1 0 524 0 12
1,2 111 186 123 177 239 255 255 250 64880 1900 1 0 524 0 12
1,2 111 186 123 177 239 255 255 250 64885 1900 1 0 524 0 12
1,2 111 186 103 32 239 255 255 250 60857 1900 1 0 523 0 12
1,2 111 186 103 32 239 255 255 250 62590 1900 1 0 523 0 12
1,2 111 186 123 165 239 255 255 250 55296 1900 1 0 523 0 12
1,2 111 186 123 165 239 255 255 250 55301 1900 1 0 523 0 12
1,2 111 186 123 165 239 255 255 250 55307 1900 1 0 523 0 12
1,2 111 186 123 165 239 255 255 250 55312 1900 1 0 523 0 12
1,2 111 186 123 165 239 255 255 250 55540 1900 1 0 523 0 12
1,2 111 186 123 165 239 255 255 250 55545 1900 1 0 523 0 12
1,2 111 186 123 165 239 255 255 250 60375 1900 1 0 523 0 12
1,2 111 186 123 165 239 255 255 250 60380 1900 1 0 523 0 12
1,2 111 186 123 165 239 255 255 250 64795 1900 1 0 523 0 12
1,2 111 186 123 165 239 255 255 250 64800 1900 1 0 523 0 12
1,2 111 186 123 165 239 255 255 250 64806 1900 1 0 523 0 12
1,2 111 186 123 165 239 255 255 250 64811 1900 1 0 523 0 12
1,2 111 186 123 44 239 255 255 250 52150 1900 1 0 522 0 12
1,2 111 186 123 44 239 255 255 250 52155 1900 1 0 522 0 12
1,2 111 186 123 44 239 255 255 250 52162 1900 1 0 522 0 12
1,2 111 186 123 44 239 255 255 250 52167 1900 1 0 522 0 12
1,2 111 186 123 44 239 255 255 250 52172 1900 1 0 522 0 12
1,2 111 186 123 44 239 255 255 250 52177 1900 1 0 522 0 12
1,2 111 186 123 44 239 255 255 250 61017 1900 1 0 522 0 12
1,2 111 186 123 44 239 255 255 250 61022 1900 1 0 522 0 12
1,2 111 186 123 44 239 255 255 250 61028 1900 1 0 522 0 12
1,2 111 186 123 44 239 255 255 250 61033 1900 1 0 522 0 12
1,2 111 186 123 174 239 255 255 250 50109 1900 1 0 522 0 12
1,2 111 186 123 174 239 255 255 250 50114 1900 1 0 522 0 12
1,2 111 186 123 174 239 255 255 250 54769 1900 1 0 522 0 12
1,2 111 186 123 174 239 255 255 250 54774 1900 1 0 522 0 12
1,2 111 186 123 174 239 255 255 250 54792 1900 1 0 522 0 12
1,2 111 186 123 174 239 255 255 250 54797 1900 1 0 522 0 12
1,2 111 186 123 174 239 255 255 250 60355 1900 1 0 522 0 12
1,2 111 186 123 174 239 255 255 250 60360 1900 1 0 522 0 12
1,2 111 186 123 174 239 255 255 250 61141 1900 1 0 522 0 12
1,2 111 186 123 174 239 255 255 250 61146 1900 1 0 522 0 12
1,2 111 186 123 174 239 255 255 250 61165 1900 1 0 522 0 12
1,2 111 186 123 174 239 255 255 250 61170 1900 1 0 522 0 12
1,2 111 186 123 177 239 255 255 250 49449 1900 1 0 522 0 12
1,2 111 186 123 177 239 255 255 250 49454 1900 1 0 522 0 12
1,2 111 186 123 177 239 255 255 250 49460 1900 1 0 522 0 12
1,2 111 186 123 177 239 255 255 250 49465 1900 1 0 522 0 12
1,2 111 186 123 177 239 255 255 250 50455 1900 1 0 522 0 12
1,2 111 186 123 177 239 255 255 250 50460 1900 1 0 522 0 12
1,2 111 186 123 177 239 255 255 250 50467 1900 1 0 522 0 12
1,2 111 186 123 177 239 255 255 250 50472 1900 1 0 522 0 12
1,2 111 186 123 177 239 255 255 250 64871 1900 1 0 522 0 12
1,2 111 186 123 177 239 255 255 250 64876 1900 1 0 522 0 12
1,2 111 186 123 177 239 255 255 250 64881 1900 1 0 522 0 12
1,2 111 186 123 177 239 255 255 250 64886 1900 1 0 522 0 12
1,2 111 186 103 32 239 255 255 250 60858 1900 1 0 521 0 12
1,2 111 186 103 32 239 255 255 250 62591 1900 1 0 521 0 12
1,2 111 186 105 63 239 255 255 250 55647 1900 1 0 521 0 12
1,2 111 186 123 165 239 255 255 250 55294 1900 1 0 513 0 12
1,2 111 186 123 165 239 255 255 250 55299 1900 1 0 513 0 12
1,2 111 186 123 165 239 255 255 250 55305 1900 1 0 513 0 12
1,2 111 186 123 165 239 255 255 250 55310 1900 1 0 513 0 12
1,2 111 186 123 165 239 255 255 250 55538 1900 1 0 513 0 12
1,2 111 186 123 165 239 255 255 250 55543 1900 1 0 513 0 12
1,2 111 186 123 165 239 255 255 250 60373 1900 1 0 513 0 12
1,2 111 186 123 165 239 255 255 250 60378 1900 1 0 513 0 12
1,2 111 186 123 165 239 255 255 250 64793 1900 1 0 513 0 12
1,2 111 186 123 165 239 255 255 250 64798 1900 1 0 513 0 12
1,2 111 186 123 165 239 255 255 250 64804 1900 1 0 513 0 12
1,2 111 186 123 165 239 255 255 250 64809 1900 1 0 513 0 12
1,2 111 186 103 105 239 255 255 250 55057 1900 1 0 512 0 12
1,2 111 186 103 105 239 255 255 250 55062 1900 1 0 512 0 12
1,2 111 186 103 105 239 255 255 250 55067 1900 1 0 512 0 12
1,2 111 186 103 105 239 255 255 250 55072 1900 1 0 512 0 12
1,2 111 186 103 105 239 255 255 250 55081 1900 1 0 512 0 12
1,2 111 186 103 105 239 255 255 250 55086 1900 1 0 512 0 12
1,2 111 186 103 105 239 255 255 250 58474 1900 1 0 512 0 12
1,2 111 186 103 105 239 255 255 250 58479 1900 1 0 512 0 12
1,2 111 186 103 105 239 255 255 250 58484 1900 1 0 512 0 12
1,2 111 186 103 105 239 255 255 250 58489 1900 1 0 512 0 12
1,2 111 186 103 105 239 255 255 250 58494 1900 1 0 512 0 12
1,2 111 186 103 105 239 255 255 250 58499 1900 1 0 512 0 12
1,2 111 186 123 44 239 255 255 250 52148 1900 1 0 512 0 12
1,2 111 186 123 44 239 255 255 250 52153 1900 1 0 512 0 12
1,2 111 186 123 44 239 255 255 250 52160 1900 1 0 512 0 12
1,2 111 186 123 44 239 255 255 250 52165 1900 1 0 512 0 12
1,2 111 186 123 44 239 255 255 250 52170 1900 1 0 512 0 12
1,2 111 186 123 44 239 255 255 250 52175 1900 1 0 512 0 12
1,2 111 186 123 44 239 255 255 250 61015 1900 1 0 512 0 12
1,2 111 186 123 44 239 255 255 250 61020 1900 1 0 512 0 12
1,2 111 186 123 44 239 255 255 250 61026 1900 1 0 512 0 12
1,2 111 186 123 44 239 255 255 250 61031 1900 1 0 512 0 12
1,2 111 186 123 174 239 255 255 250 50107 1900 1 0 512 0 12
1,2 111 186 123 174 239 255 255 250 50112 1900 1 0 512 0 12
1,2 111 186 123 174 239 255 255 250 54767 1900 1 0 512 0 12
1,2 111 186 123 174 239 255 255 250 54772 1900 1 0 512 0 12
1,2 111 186 123 174 239 255 255 250 54790 1900 1 0 512 0 12
1,2 111 186 123 174 239 255 255 250 54795 1900 1 0 512 0 12
1,2 111 186 123 174 239 255 255 250 60353 1900 1 0 512 0 12
1,2 111 186 123 174 239 255 255 250 60358 1900 1 0 512 0 12
1,2 111 186 123 174 239 255 255 250 61139 1900 1 0 512 0 12
1,2 111 186 123 174 239 255 255 250 61144 1900 1 0 512 0 12
1,2 111 186 123 174 239 255 255 250 61163 1900 1 0 512 0 12
1,2 111 186 123 174 239 255 255 250 61168 1900 1 0 512 0 12
1,2 111 186 123 177 239 255 255 250 49447 1900 1 0 512 0 12
1,2 111 186 123 177 239 255 255 250 49452 1900 1 0 512 0 12
1,2 111 186 123 177 239 255 255 250 49458 1900 1 0 512 0 12
1,2 111 186 123 177 239 255 255 250 49463 1900 1 0 512 0 12
1,2 111 186 123 177 239 255 255 250 50453 1900 1 0 512 0 12
1,2 111 186 123 177 239 255 255 250 50458 1900 1 0 512 0 12
1,2 111 186 123 177 239 255 255 250 50465 1900 1 0 512 0 12
1,2 111 186 123 177 239 255 255 250 50470 1900 1 0 512 0 12
1,2 111 186 123 177 239 255 255 250 64869 1900 1 0 512 0 12
1,2 111 186 123 177 239 255 255 250 64874 1900 1 0 512 0 12
1,2 111 186 123 177 239 255 255 250 64879 1900 1 0 512 0 12
1,2 111 186 123 177 239 255 255 250 64884 1900 1 0 512 0 12
1,2 111 186 103 32 239 255 255 250 59795 1900 1 0 511 0 12
1,2 111 186 103 32 239 255 255 250 59800 1900 1 0 511 0 12
1,2 111 186 103 32 239 255 255 250 59805 1900 1 0 511 0 12
1,2 111 186 103 32 239 255 255 250 59810 1900 1 0 511 0 12
1,2 111 186 103 32 239 255 255 250 60851 1900 1 0 511 0 12
1,2 111 186 103 32 239 255 255 250 60856 1900 1 0 511 0 12
1,2 111 186 103 32 239 255 255 250 62569 1900 1 0 511 0 12
1,2 111 186 103 32 239 255 255 250 62574 1900 1 0 511 0 12
1,2 111 186 103 32 239 255 255 250 62579 1900 1 0 511 0 12
1,2 111 186 103 32 239 255 255 250 62584 1900 1 0 511 0 12
1,2 111 186 103 32 239 255 255 250 62589 1900 1 0 511 0 12
1,2 111 186 103 32 239 255 255 250 62594 1900 1 0 511 0 12
1,2 111 186 105 63 239 255 255 250 55616 1900 1 0 511 0 12
1,2 111 186 105 63 239 255 255 250 55621 1900 1 0 511 0 12
1,2 111 186 105 63 239 255 255 250 55626 1900 1 0 511 0 12
1,2 111 186 105 63 239 255 255 250 55631 1900 1 0 511 0 12
1,2 111 186 105 63 239 255 255 250 55640 1900 1 0 511 0 12
1,2 111 186 105 63 239 255 255 250 55645 1900 1 0 511 0 12
1,2 111 186 105 63 239 255 255 250 55650 1900 1 0 511 0 12
1,2 111 186 105 63 239 255 255 250 55655 1900 1 0 511 0 12
1,2 111 186 105 63 239 255 255 250 55660 1900 1 0 511 0 12
1,2 111 186 105 63 239 255 255 250 55665 1900 1 0 511 0 12
1,2 111 186 105 63 239 255 255 250 55671 1900 1 0 511 0 12
1,2 111 186 105 63 239 255 255 250 55676 1900 1 0 511 0 12
1,2 10 0 3 240 10 0 3 255 138 138 2 0 510 0 10
1,2 111 186 103 52 224 0 0 251 5353 5353 7 0 508 0 8
1,2 111 186 123 165 239 255 255 250 55293 1900 1 0 507 0 12
1,2 111 186 123 165 239 255 255 250 55298 1900 1 0 507 0 12
1,2 111 186 123 165 239 255 255 250 55304 1900 1 0 507 0 12
1,2 111 186 123 165 239 255 255 250 55309 1900 1 0 507 0 12
1,2 111 186 123 165 239 255 255 250 55537 1900 1 0 507 0 12
1,2 111 186 123 165 239 255 255 250 55542 1900 1 0 507 0 12
1,2 111 186 123 165 239 255 255 250 60372 1900 1 0 507 0 12
1,2 111 186 123 165 239 255 255 250 60377 1900 1 0 507 0 12
1,2 111 186 123 165 239 255 255 250 64792 1900 1 0 507 0 12
1,2 111 186 123 165 239 255 255 250 64797 1900 1 0 507 0 12
1,2 111 186 123 165 239 255 255 250 64803 1900 1 0 507 0 12
1,2 111 186 123 165 239 255 255 250 64808 1900 1 0 507 0 12
1,2 111 186 103 105 239 255 255 250 55056 1900 1 0 506 0 12
1,2 111 186 103 105 239 255 255 250 55061 1900 1 0 506 0 12
1,2 111 186 103 105 239 255 255 250 55066 1900 1 0 506 0 12
1,2 111 186 103 105 239 255 255 250 55071 1900 1 0 506 0 12
1,2 111 186 103 105 239 255 255 250 55080 1900 1 0 506 0 12
1,2 111 186 103 105 239 255 255 250 55085 1900 1 0 506 0 12
1,2 111 186 103 105 239 255 255 250 58473 1900 1 0 506 0 12
1,2 111 186 103 105 239 255 255 250 58478 1900 1 0 506 0 12
1,2 111 186 103 105 239 255 255 250 58483 1900 1 0 506 0 12
1,2 111 186 103 105 239 255 255 250 58488 1900 1 0 506 0 12
1,2 111 186 103 105 239 255 255 250 58493 1900 1 0 506 0 12
1,2 111 186 103 105 239 255 255 250 58498 1900 1 0 506 0 12
1,2 111 186 123 44 239 255 255 250 52147 1900 1 0 506 0 12
1,2 111 186 123 44 239 255 255 250 52152 1900 1 0 506 0 12
1,2 111 186 123 44 239 255 255 250 52159 1900 1 0 506 0 12
1,2 111 186 123 44 239 255 255 250 52164 1900 1 0 506 0 12
1,2 111 186 123 44 239 255 255 250 52169 1900 1 0 506 0 12
1,2 111 186 123 44 239 255 255 250 52174 1900 1 0 506 0 12
1,2 111 186 123 44 239 255 255 250 61014 1900 1 0 506 0 12
1,2 111 186 123 44 239 255 255 250 61019 1900 1 0 506 0 12
1,2 111 186 123 44 239 255 255 250 61025 1900 1 0 506 0 12
1,2 111 186 123 44 239 255 255 250 61030 1900 1 0 506 0 12
1,2 111 186 123 174 239 255 255 250 50106 1900 1 0 506 0 12
1,2 111 186 123 174 239 255 255 250 50111 1900 1 0 506 0 12
1,2 111 186 123 174 239 255 255 250 54766 1900 1 0 506 0 12
1,2 111 186 123 174 239 255 255 250 54771 1900 1 0 506 0 12
1,2 111 186 123 174 239 255 255 250 54789 1900 1 0 506 0 12
1,2 111 186 123 174 239 255 255 250 54794 1900 1 0 506 0 12
1,2 111 186 123 174 239 255 255 250 60352 1900 1 0 506 0 12
1,2 111 186 123 174 239 255 255 250 60357 1900 1 0 506 0 12
1,2 111 186 123 174 239 255 255 250 61138 1900 1 0 506 0 12
1,2 111 186 123 174 239 255 255 250 61143 1900 1 0 506 0 12
1,2 111 186 123 174 239 255 255 250 61162 1900 1 0 506 0 12
1,2 111 186 123 174 239 255 255 250 61167 1900 1 0 506 0 12
1,2 111 186 123 177 239 255 255 250 49446 1900 1 0 506 0 12
1,2 111 186 123 177 239 255 255 250 49451 1900 1 0 506 0 12
1,2 111 186 123 177 239 255 255 250 49457 1900 1 0 506 0 12
1,2 111 186 123 177 239 255 255 250 49462 1900 1 0 506 0 12
1,2 111 186 123 177 239 255 255 250 50452 1900 1 0 506 0 12
1,2 111 186 123 177 239 255 255 250 50457 1900 1 0 506 0 12
1,2 111 186 123 177 239 255 255 250 50464 1900 1 0 506 0 12
1,2 111 186 123 177 239 255 255 250 50469 1900 1 0 506 0 12
1,2 111 186 123 177 239 255 255 250 64868 1900 1 0 506 0 12
1,2 111 186 123 177 239 255 255 250 64873 1900 1 0 506 0 12
1,2 111 186 123 177 239 255 255 250 64878 1900 1 0 506 0 12
1,2 111 186 123 177 239 255 255 250 64883 1900 1 0 506 0 12
1,2 111 186 103 32 239 255 255 250 59794 1900 1 0 505 0 12
1,2 111 186 103 32 239 255 255 250 59799 1900 1 0 505 0 12
1,2 111 186 103 32 239 255 255 250 59804 1900 1 0 505 0 12
1,2 111 186 103 32 239 255 255 250 59809 1900 1 0 505 0 12
1,2 111 186 103 32 239 255 255 250 60850 1900 1 0 505 0 12
1,2 111 186 103 32 239 255 255 250 60855 1900 1 0 505 0 12
1,2 111 186 103 32 239 255 255 250 62568 1900 1 0 505 0 12
1,2 111 186 103 32 239 255 255 250 62573 1900 1 0 505 0 12
1,2 111 186 103 32 239 255 255 250 62578 1900 1 0 505 0 12
1,2 111 186 103 32 239 255 255 250 62583 1900 1 0 505 0 12
1,2 111 186 103 32 239 255 255 250 62588 1900 1 0 505 0 12
1,2 111 186 103 32 239 255 255 250 62593 1900 1 0 505 0 12
1,2 111 186 105 63 239 255 255 250 55615 1900 1 0 505 0 12
1,2 111 186 105 63 239 255 255 250 55620 1900 1 0 505 0 12
1,2 111 186 105 63 239 255 255 250 55625 1900 1 0 505 0 12
1,2 111 186 105 63 239 255 255 250 55630 1900 1 0 505 0 12
1,2 111 186 105 63 239 255 255 250 55639 1900 1 0 505 0 12
1,2 111 186 105 63 239 255 255 250 55644 1900 1 0 505 0 12
1,2 111 186 105 63 239 255 255 250 55649 1900 1 0 505 0 12
1,2 111 186 105 63 239 255 255 250 55654 1900 1 0 505 0 12
1,2 111 186 105 63 239 255 255 250 55659 1900 1 0 505 0 12
1,2 111 186 105 63 239 255 255 250 55664 1900 1 0 505 0 12
1,2 111 186 105 63 239 255 255 250 55670 1900 1 0 505 0 12
1,2 111 186 105 63 239 255 255 250 55675 1900 1 0 505 0 12
1,2 111 186 105 30 111 186 105 255 138 138 2 0 501 0 10
1,2 10 0 3 241 10 0 3 255 138 138 2 0 492 0 10
1,2 111 186 103 54 224 0 0 251 5353 5353 6 0 492 0 8
1,2 111 186 105 136 224 0 0 251 5353 5353 4 0 467 0 8
1,1 111 186 105 83 210 176 156 21 54238 443 3 3 165 198 91
1,1 111 186 105 83 210 176 156 21 54253 443 3 3 165 198 91
1,1 111 186 105 83 210 176 156 21 54255 443 3 3 165 198 91
1,1 111 186 105 83 210 176 156 81 54393 443 3 3 165 198 91
1,1 111 186 105 83 210 176 156 81 54394 443 3 3 165 198 91
1,1 111 186 105 83 210 176 156 35 54395 443 3 3 165 198 91
1,1 111 186 105 83 210 176 156 35 54397 443 3 3 165 198 91
1,1 111 186 105 83 151 101 198 133 54474 443 3 3 165 198 91
1,2 111 186 103 32 239 255 255 250 51486 1900 2 0 342 0 12
1,2 111 186 123 177 239 255 255 250 55998 1900 2 0 342 0 12
1,2 111 186 123 168 224 0 0 251 5353 5353 4 0 328 0 8
1,2 111 186 123 129 111 186 123 255 137 137 3 0 276 0 10
1,2 111 186 123 158 111 186 123 255 137 137 3 0 276 0 10
1,2 111 186 123 181 111 186 123 255 137 137 3 0 276 0 10
1,2 111 186 123 126 224 0 0 251 5353 5353 3 0 246 0 8
1,2 111 186 103 71 111 186 103 255 138 138 1 0 243 0 10
1,2 111 186 105 130 111 186 105 255 138 138 1 0 243 0 10
1,2 111 186 105 210 111 186 105 255 138 138 1 0 243 0 10
1,2 111 186 105 230 111 186 105 255 138 138 1 0 243 0 10
1,2 111 186 123 20 111 186 123 255 138 138 1 0 243 0 10
1,2 111 186 123 90 111 186 123 255 138 138 1 0 243 0 10
1,1 111 186 105 83 210 176 156 35 54399 443 2 2 110 132 91
1,2 111 186 105 83 202 120 127 220 50356 53 1 1 75 162 5
1,2 111 186 105 83 202 120 127 220 50420 53 1 1 75 162 5
1,2 111 186 105 83 202 120 127 220 50521 53 1 1 75 162 5
1,2 111 186 105 83 202 120 127 220 50880 53 1 1 75 162 5
1,2 111 186 105 83 202 120 127 220 51043 53 1 1 75 162 5
1,2 111 186 105 83 202 120 127 220 51395 53 1 1 75 162 5
1,2 111 186 105 83 202 120 127 220 52746 53 1 1 75 162 5
1,2 111 186 105 83 202 120 127 220 53628 53 1 1 75 162 5
1,2 111 186 105 83 202 120 127 220 55421 53 1 1 75 162 5
1,2 111 186 105 83 202 120 127 220 55820 53 1 1 75 162 5
1,2 111 186 105 83 202 120 127 220 55831 53 1 1 75 162 5
1,2 111 186 105 83 202 120 127 220 58100 53 1 1 75 162 5
1,2 111 186 105 83 202 120 127 220 58555 53 1 1 75 162 5
1,2 111 186 105 83 202 120 127 220 60028 53 1 1 75 162 5
1,2 111 186 105 83 202 120 127 220 60058 53 1 1 75 162 5
1,2 111 186 105 83 202 120 127 220 60480 53 1 1 75 162 5
1,2 111 186 105 83 202 120 127 220 62198 53 1 1 75 162 5
1,2 111 186 105 83 202 120 127 220 63854 53 1 1 75 162 5
1,2 111 186 105 83 202 120 127 220 64509 53 1 1 75 162 5
1,1 111 186 105 83 23 198 101 64 54239 443 2 2 110 120 91
1,1 111 186 105 83 23 198 121 219 54281 443 2 2 110 120 91
1,1 111 186 105 83 23 42 132 53 54335 443 2 2 110 120 91
1,1 111 186 105 83 184 84 60 73 54376 443 2 2 110 120 91
1,1 111 186 105 83 184 84 60 73 54385 443 2 2 110 120 91
1,1 111 186 105 83 23 198 101 64 54482 443 2 2 110 120 91
1,1 111 186 105 83 149 174 66 131 54493 443 2 2 110 120 91
1,1 111 186 105 83 23 198 120 119 54509 443 2 2 110 120 91
1,2 111 186 105 243 239 255 255 250 51301 1900 1 0 215 0 12
1,2 111 186 105 83 202 120 127 220 64716 53 1 1 75 114 5
1,2 10 0 3 250 224 0 0 251 5353 5353 1 0 179 0 8
1,2 111 186 103 116 224 0 0 251 5353 5353 1 0 173 0 8
1,2 111 186 103 54 224 0 0 252 50597 5355 2 0 170 0 154
1,2 111 186 103 54 224 0 0 252 55300 5355 2 0 170 0 154
1,2 111 186 103 54 224 0 0 252 55826 5355 2 0 170 0 154
1,2 111 186 103 54 224 0 0 252 64980 5355 2 0 170 0 154
1,2 111 186 103 54 224 0 0 252 56863 5355 2 0 150 0 154
1,2 111 186 103 54 224 0 0 252 63271 5355 2 0 150 0 154
1,2 111 186 105 82 224 0 0 252 49158 5355 2 0 150 0 154
1,2 111 186 105 82 224 0 0 252 49770 5355 2 0 150 0 154
1,2 111 186 105 82 224 0 0 252 50118 5355 2 0 150 0 154
1,2 111 186 105 82 224 0 0 252 54661 5355 2 0 150 0 154
1,2 111 186 105 82 224 0 0 252 57126 5355 2 0 150 0 154
1,2 111 186 105 82 224 0 0 252 59643 5355 2 0 150 0 154
1,2 111 186 105 82 224 0 0 252 61329 5355 2 0 150 0 154
1,2 111 186 105 82 224 0 0 252 65237 5355 2 0 150 0 154
1,2 111 186 123 126 224 0 0 252 52861 5355 2 0 150 0 154
1,2 111 186 123 126 224 0 0 252 64226 5355 2 0 150 0 154
1,2 111 186 123 219 224 0 0 252 55220 5355 2 0 150 0 154
1,2 172 25 58 94 224 0 0 252 50209 5355 2 0 150 0 154
1,2 172 25 58 94 224 0 0 252 50266 5355 2 0 150 0 154
1,2 172 25 58 94 224 0 0 252 54847 5355 2 0 150 0 154
1,2 172 25 58 94 224 0 0 252 60761 5355 2 0 150 0 154
1,2 172 25 58 94 224 0 0 252 62824 5355 2 0 150 0 154
1,2 172 25 58 94 224 0 0 252 63977 5355 2 0 150 0 154
1,2 111 186 103 52 224 0 0 252 49598 5355 2 0 146 0 154
1,2 111 186 103 52 224 0 0 252 64750 5355 2 0 146 0 154
1,2 111 186 123 17 224 0 0 252 55828 5355 2 0 146 0 154
1,2 111 186 123 17 224 0 0 252 60355 5355 2 0 146 0 154
1,2 111 186 103 54 224 0 0 252 50739 5355 2 0 142 0 154
1,2 111 186 103 54 224 0 0 252 57358 5355 2 0 142 0 154
1,2 111 186 123 129 224 0 0 251 5353 5353 2 0 142 0 8
1,2 111 186 103 52 224 0 0 252 62772 5355 2 0 140 0 154
1,2 111 186 123 126 224 0 0 252 54312 5355 2 0 140 0 154
1,2 111 186 123 158 224 0 0 251 5353 5353 2 0 140 0 8
1,2 111 186 123 17 224 0 0 252 58465 5355 2 0 138 0 154
1,2 111 186 123 113 224 0 0 252 50807 5355 2 0 138 0 154
1,2 111 186 123 113 224 0 0 252 54226 5355 2 0 138 0 154
1,2 111 186 123 113 224 0 0 252 55376 5355 2 0 138 0 154
1,2 111 186 123 113 224 0 0 252 56445 5355 2 0 138 0 154
1,2 111 186 123 113 224 0 0 252 57336 5355 2 0 138 0 154
1,2 111 186 123 113 224 0 0 252 57887 5355 2 0 138 0 154
1,2 111 186 123 113 224 0 0 252 62341 5355 2 0 138 0 154
1,2 111 186 123 113 224 0 0 252 63801 5355 2 0 138 0 154
1,2 111 186 103 54 224 0 0 252 50284 5355 2 0 136 0 154
1,2 111 186 103 54 224 0 0 252 53000 5355 2 0 136 0 154
1,2 111 186 123 17 224 0 0 252 49786 5355 2 0 136 0 154
1,2 111 186 123 17 224 0 0 252 50917 5355 2 0 136 0 154
1,2 111 186 123 17 224 0 0 252 51384 5355 2 0 136 0 154
1,2 111 186 123 17 224 0 0 252 53786 5355 2 0 136 0 154
1,2 111 186 123 17 224 0 0 252 53970 5355 2 0 136 0 154
1,2 111 186 123 17 224 0 0 252 55279 5355 2 0 136 0 154
1,2 111 186 123 17 224 0 0 252 56500 5355 2 0 136 0 154
1,2 111 186 123 17 224 0 0 252 57174 5355 2 0 136 0 154
1,2 111 186 123 17 224 0 0 252 59753 5355 2 0 136 0 154
1,2 111 186 123 17 224 0 0 252 62755 5355 2 0 136 0 154
1,2 111 186 123 126 224 0 0 252 54167 5355 2 0 136 0 154
1,2 111 186 103 52 224 0 0 252 53771 5355 2 0 134 0 154
1,2 111 186 103 52 224 0 0 252 62413 5355 2 0 134 0 154
1,2 111 186 103 54 224 0 0 252 53888 5355 2 0 134 0 154
1,2 111 186 103 54 224 0 0 252 63014 5355 2 0 134 0 154
1,2 111 186 123 113 224 0 0 252 49541 5355 2 0 134 0 154
1,2 111 186 123 113 224 0 0 252 50012 5355 2 0 134 0 154
1,2 111 186 123 113 224 0 0 252 52531 5355 2 0 134 0 154
1,2 111 186 123 113 224 0 0 252 53566 5355 2 0 134 0 154
1,2 111 186 123 113 224 0 0 252 57088 5355 2 0 134 0 154
1,2 111 186 123 113 224 0 0 252 57677 5355 2 0 134 0 154
1,2 111 186 123 113 224 0 0 252 58739 5355 2 0 134 0 154
1,2 111 186 123 113 224 0 0 252 63978 5355 2 0 134 0 154
1,2 111 186 123 126 224 0 0 252 56386 5355 2 0 132 0 154
1,2 10 0 3 240 224 0 0 251 5353 5353 1 0 131 0 8
1,2 10 0 3 241 224 0 0 251 5353 5353 1 0 131 0 8
1,2 111 186 123 129 224 0 0 252 56297 5355 2 0 130 0 154
1,2 111 186 123 129 224 0 0 252 62926 5355 2 0 130 0 154
1,2 111 186 103 52 224 0 0 252 49543 5355 2 0 128 0 154
1,2 111 186 103 52 224 0 0 252 49755 5355 2 0 128 0 154
1,2 111 186 103 52 224 0 0 252 55987 5355 2 0 128 0 154
1,2 111 186 103 52 224 0 0 252 58115 5355 2 0 128 0 154
1,2 111 186 103 52 224 0 0 252 60273 5355 2 0 128 0 154
1,2 111 186 103 52 224 0 0 252 61303 5355 2 0 128 0 154
1,2 111 186 103 52 224 0 0 252 64713 5355 2 0 128 0 154
1,2 111 186 103 52 224 0 0 252 65119 5355 2 0 128 0 154
1,2 111 186 103 54 224 0 0 252 49968 5355 2 0 128 0 154
1,2 111 186 103 54 224 0 0 252 52929 5355 2 0 128 0 154
1,2 111 186 103 54 224 0 0 252 53699 5355 2 0 128 0 154
1,2 111 186 103 54 224 0 0 252 53836 5355 2 0 128 0 154
1,2 111 186 103 54 224 0 0 252 54012 5355 2 0 128 0 154
1,2 111 186 103 54 224 0 0 252 56891 5355 2 0 128 0 154
1,2 111 186 103 54 224 0 0 252 57054 5355 2 0 128 0 154
1,2 111 186 103 54 224 0 0 252 57673 5355 2 0 128 0 154
1,2 111 186 103 54 224 0 0 252 58287 5355 2 0 128 0 154
1,2 111 186 103 54 224 0 0 252 61484 5355 2 0 128 0 154
1,2 111 186 103 54 224 0 0 252 62367 5355 2 0 128 0 154
1,2 111 186 103 54 224 0 0 252 63274 5355 2 0 128 0 154
1,2 111 186 103 54 224 0 0 252 63559 5355 2 0 128 0 154
1,2 111 186 103 54 224 0 0 252 64543 5355 2 0 128 0 154
1,2 111 186 105 82 224 0 0 252 49343 5355 2 0 128 0 154
1,2 111 186 105 82 224 0 0 252 57118 5355 2 0 128 0 154
1,2 111 186 105 82 224 0 0 252 58461 5355 2 0 128 0 154
1,2 111 186 105 82 224 0 0 252 61419 5355 2 0 128 0 154
1,2 111 186 123 158 224 0 0 252 49323 5355 2 0 128 0 154
1,2 111 186 123 158 224 0 0 252 63459 5355 2 0 128 0 154
1,2 111 186 123 168 224 0 0 252 56217 5355 2 0 128 0 154
1,2 111 186 123 168 224 0 0 252 59558 5355 2 0 128 0 154
1,2 111 186 123 168 224 0 0 252 64970 5355 2 0 128 0 154
1,2 111 186 123 175 224 0 0 252 52545 5355 2 0 128 0 154
1,2 111 186 123 175 224 0 0 252 52886 5355 2 0 128 0 154
1,2 111 186 123 175 224 0 0 252 54862 5355 2 0 128 0 154
1,2 111 186 123 175 224 0 0 252 55133 5355 2 0 128 0 154
1,2 111 186 123 175 224 0 0 252 55843 5355 2 0 128 0 154
1,2 111 186 123 175 224 0 0 252 57058 5355 2 0 128 0 154
1,2 111 186 123 175 224 0 0 252 57335 5355 2 0 128 0 154
1,2 111 186 123 175 224 0 0 252 60671 5355 2 0 128 0 154
1,2 111 186 123 175 224 0 0 252 61695 5355 2 0 128 0 154
1,2 111 186 123 175 224 0 0 252 65356 5355 2 0 128 0 154
1,2 111 186 123 180 224 0 0 252 53936 5355 2 0 128 0 154
1,2 111 186 123 180 224 0 0 252 59375 5355 2 0 128 0 154
1,2 111 186 123 180 224 0 0 252 63820 5355 2 0 128 0 154
1,2 111 186 123 181 224 0 0 252 50124 5355 2 0 128 0 154
1,2 111 186 123 181 224 0 0 252 54721 5355 2 0 128 0 154
1,1 111 186 105 83 23 198 102 119 54282 443 1 1 55 60 91
1,1 111 186 105 83 23 198 102 119 54296 443 1 1 55 60 91
1,2 111 186 103 131 224 0 0 253 62436 3544 1 0 82 0 214
1,2 111 186 105 103 224 0 0 253 57041 3544 1 0 82 0 214
1,2 111 186 123 126 224 0 0 252 50076 5355 1 0 75 0 154
1,2 111 186 123 126 224 0 0 252 50109 5355 1 0 75 0 154
1,2 111 186 123 126 224 0 0 252 50985 5355 1 0 75 0 154
1,2 111 186 123 126 224 0 0 252 54585 5355 1 0 75 0 154
1,2 111 186 123 126 224 0 0 252 55444 5355 1 0 75 0 154
1,2 111 186 123 126 224 0 0 252 55562 5355 1 0 75 0 154
1,2 111 186 123 126 224 0 0 252 56199 5355 1 0 75 0 154
1,2 111 186 123 126 224 0 0 252 57536 5355 1 0 75 0 154
1,2 111 186 123 126 224 0 0 252 58463 5355 1 0 75 0 154
1,2 111 186 123 126 224 0 0 252 59543 5355 1 0 75 0 154
1,2 111 186 123 126 224 0 0 252 59687 5355 1 0 75 0 154
1,2 111 186 123 126 224 0 0 252 59978 5355 1 0 75 0 154
1,2 111 186 123 126 224 0 0 252 61589 5355 1 0 75 0 154
1,2 111 186 123 126 224 0 0 252 61993 5355 1 0 75 0 154
1,2 111 186 123 126 224 0 0 252 63242 5355 1 0 75 0 154
1,2 111 186 123 126 224 0 0 252 63604 5355 1 0 75 0 154
1,2 111 186 123 126 224 0 0 252 64342 5355 1 0 75 0 154
1,2 111 186 123 126 224 0 0 252 64955 5355 1 0 75 0 154
1,2 111 186 123 126 224 0 0 252 65435 5355 1 0 75 0 154
1,2 111 186 123 219 224 0 0 252 50894 5355 1 0 75 0 154
1,2 111 186 123 219 224 0 0 252 52910 5355 1 0 75 0 154
1,2 111 186 123 219 224 0 0 252 56774 5355 1 0 75 0 154
1,2 111 186 123 219 224 0 0 252 62356 5355 1 0 75 0 154
1,2 111 186 103 52 224 0 0 252 59807 5355 1 0 70 0 154
1,2 111 186 123 181 224 0 0 251 5353 5353 1 0 70 0 8
1,2 111 186 123 41 224 0 0 252 50392 5355 1 0 69 0 154
1,2 111 186 123 78 224 0 0 252 59444 5355 1 0 69 0 154
1,2 111 186 123 126 224 0 0 252 50233 5355 1 0 69 0 154
1,2 111 186 123 126 224 0 0 252 52497 5355 1 0 69 0 154
1,2 111 186 123 126 224 0 0 252 57650 5355 1 0 69 0 154
1,2 111 186 123 126 224 0 0 252 60798 5355 1 0 69 0 154
1,2 111 186 123 126 224 0 0 252 62073 5355 1 0 69 0 154
1,2 111 186 123 126 224 0 0 252 50861 5355 1 0 66 0 154
1,2 111 186 123 126 224 0 0 252 63254 5355 1 0 66 0 154
1,2 111 186 123 9 224 0 0 252 50907 5355 1 0 64 0 154
1,2 111 186 123 9 224 0 0 252 60624 5355 1 0 64 0 154
1,2 111 186 123 41 224 0 0 252 49973 5355 1 0 64 0 154
1,2 111 186 123 41 224 0 0 252 52982 5355 1 0 64 0 154
1,2 111 186 123 41 224 0 0 252 56334 5355 1 0 64 0 154
1,2 111 186 123 41 224 0 0 252 61617 5355 1 0 64 0 154
1,2 111 186 123 41 224 0 0 252 62815 5355 1 0 64 0 154
1,2 111 186 123 175 224 0 0 252 50521 5355 1 0 62 0 154
1,2 111 186 123 175 224 0 0 252 50719 5355 1 0 62 0 154
1,2 111 186 123 175 224 0 0 252 52114 5355 1 0 62 0 154
1,2 111 186 123 175 224 0 0 252 57055 5355 1 0 62 0 154
1,2 111 186 123 175 224 0 0 252 58218 5355 1 0 62 0 154
1,2 111 186 123 175 224 0 0 252 60738 5355 1 0 62 0 154
1,2 111 186 123 175 224 0 0 252 61857 5355 1 0 62 0 154
1,2 111 186 123 175 224 0 0 252 64034 5355 1 0 62 0 154
1,2 111 186 123 175 224 0 0 252 64217 5355 1 0 62 0 154
1,1 111 186 105 83 149 28 64 148 55484 8081 95 179 5767 260405 0
1,1 111 186 105 83 149 28 64 148 55051 8081 65 114 4135 152898 0
1,1 111 186 105 83 149 28 64 148 56080 8081 54 102 4125 149070 0
1,1 111 186 105 83 149 28 64 148 55400 8081 52 101 3408 146467 0
1,1 111 186 105 83 149 28 64 148 55054 8081 54 100 3530 139872 0
1,1 111 186 105 83 149 28 64 148 56016 8081 54 90 4145 130210 0
1,1 111 186 105 83 149 28 64 148 55684 8081 53 90 3727 127806 0
1,1 111 186 105 83 149 28 64 148 56076 8081 45 84 3544 120708 0
1,1 111 186 105 83 149 28 64 148 55327 8081 43 82 2921 117958 0
1,1 111 186 105 83 149 28 64 148 55050 8081 47 85 3159 117587 0
1,1 111 186 105 83 149 28 64 148 54931 8081 44 80 5558 101728 0
1,1 111 186 105 83 149 28 64 148 55275 8081 34 65 2218 93217 0
1,1 111 186 105 83 149 28 64 148 55057 8081 38 66 2671 88851 0
1,1 111 186 105 83 149 28 64 148 54941 8081 41 65 16271 71599 0
1,1 111 186 105 83 149 28 64 148 55836 8081 32 58 2731 81137 0
1,1 111 186 105 83 149 28 64 148 55045 8081 34 58 2361 79479 0
1,1 111 186 105 83 149 28 64 148 55488 8081 30 55 2257 76948 0
1,1 111 186 105 83 149 28 64 148 55900 8081 26 48 2321 66005 0
1,1 111 186 105 83 149 28 64 148 55887 8081 26 46 2321 63866 0
1,1 111 186 105 83 149 28 64 148 55899 8081 23 40 2159 53940 0
1,1 111 186 105 83 149 28 64 148 55292 8081 20 37 1686 50007 0
1,1 111 186 105 83 149 28 64 148 55902 8081 20 36 2091 49274 0
1,1 111 186 105 83 149 28 64 148 56002 8081 19 34 2037 46226 0
1,1 111 186 105 83 149 28 64 148 54924 8081 22 39 3214 45009 0
1,1 111 186 105 83 149 28 64 148 55904 8081 20 34 2091 44905 0
1,1 111 186 105 83 149 28 64 148 55373 8081 20 34 1934 44693 0
1,1 111 186 105 83 149 28 64 148 55720 8081 21 34 2156 41808 0
1,1 111 186 105 83 149 28 64 148 55042 8081 20 30 1721 35983 0
1,1 111 186 105 83 149 28 64 148 55754 8081 20 30 2113 35532 0
1,1 111 186 105 83 149 28 64 148 55107 8081 16 28 1598 35374 0
1,1 111 186 105 83 149 28 64 148 55903 8081 15 26 1821 34060 0
1,1 111 186 105 83 149 28 64 148 55956 8081 15 26 1832 34017 0
1,2 111 186 105 63 111 186 105 255 54915 54915 112 0 34160 0 0
1,1 111 186 105 83 149 28 64 148 55971 8081 13 23 1631 29117 0
1,1 111 186 105 83 149 28 64 148 55094 8081 12 22 1395 26179 0
1,1 111 186 105 83 149 28 64 148 54974 8081 13 21 1400 26003 0
1,1 111 186 105 83 149 28 64 148 54958 8081 18 19 10100 13475 0
1,1 111 186 105 83 149 28 64 148 55774 8081 12 18 1678 20812 0
1,1 111 186 105 83 149 28 64 148 54994 8081 10 17 1116 19835 0
1,1 111 186 105 83 149 28 64 148 55061 8081 12 18 1290 19194 0
1,1 111 186 105 83 149 28 64 148 56036 8081 11 16 1617 18414 0
1,1 111 186 105 83 149 28 64 148 55871 8081 10 16 1588 18371 0
1,1 111 186 105 83 149 28 64 148 55746 8081 10 15 1486 16336 0
1,1 111 186 105 83 149 28 64 148 55985 8081 9 14 1497 15814 0
1,1 111 186 105 83 149 28 64 148 55024 8081 20 20 12812 3731 0
1,1 111 186 105 83 149 28 64 148 55992 8081 9 13 1508 14330 0
1,1 111 186 105 83 149 28 64 148 55739 8081 10 14 1579 12807 0
1,1 111 186 105 83 149 28 64 148 55822 8081 10 12 1567 11745 0
1,1 111 186 105 83 149 28 64 148 55832 8081 7 12 1324 11914 0
1,1 111 186 105 83 149 28 64 148 56008 8081 8 11 1443 11267 0
1,1 111 186 105 83 149 28 64 148 55073 8081 8 11 1054 10963 0
1,1 111 186 105 83 149 28 64 148 55323 8081 10 11 11108 905 0
1,1 111 186 105 83 149 28 64 148 55880 8081 7 11 1422 10143 0
1,1 111 186 105 83 149 28 64 148 55158 8081 8 10 1220 9931 0
1,1 111 186 105 83 149 28 64 148 55269 8081 7 10 1166 9931 0
1,1 111 186 105 83 149 28 64 148 55113 8081 7 10 1114 9931 0
1,1 111 186 105 83 149 28 64 148 55884 8081 7 10 1422 9462 0
1,1 111 186 105 83 149 28 64 148 55743 8081 7 10 1324 9525 0
1,1 111 186 105 83 149 28 64 148 55833 8081 6 10 1349 9418 0
1,1 111 186 105 83 149 28 64 148 55948 8081 7 10 1307 9259 0
1,1 111 186 105 83 149 28 64 148 55738 8081 9 10 1524 8912 0
1,1 111 186 105 83 149 28 64 148 55924 8081 7 10 1411 8235 0
1,1 111 186 105 83 149 28 64 148 55944 8081 7 9 1401 8052 0
1,1 111 186 105 83 149 28 64 148 56048 8081 7 9 1445 7991 0
1,1 111 186 105 83 149 28 64 148 55852 8081 7 9 1322 8050 0
1,1 111 186 105 83 149 28 64 148 55782 8081 6 10 1344 7978 0
1,1 111 186 105 83 149 28 64 148 55016 8081 6 10 1002 8278 0
1,1 111 186 105 83 149 28 64 148 55069 8081 8 10 1054 8161 0
1,1 111 186 105 83 149 28 64 148 56044 8081 7 9 1598 7564 0
1,1 111 186 105 83 149 28 64 148 55065 8081 8 10 960 8161 0
1,1 111 186 105 83 149 28 64 148 55940 8081 6 9 1253 7644 0
1,1 111 186 105 83 149 28 64 148 54946 8081 11 11 2809 5823 0
1,1 111 186 105 83 149 28 64 148 55620 8081 7 9 1089 7154 0
1,1 111 186 105 83 149 28 64 148 54993 8081 6 9 867 7271 0
1,1 111 186 105 83 149 28 64 148 56031 8081 7 8 1307 6254 0
1,1 111 186 105 83 149 28 64 148 55936 8081 6 8 1253 6074 0
1,1 111 186 105 83 149 28 64 148 55786 8081 7 9 1397 5679 0
1,1 111 186 105 83 149 28 64 148 55464 8081 6 8 1036 6012 0
1,1 111 186 105 83 149 28 64 148 56040 8081 7 9 5993 992 0
1,1 111 186 105 83 149 28 64 148 55124 8081 6 7 1556 5345 0
1,1 111 186 105 83 149 28 64 148 55128 8081 6 7 1529 5365 0
1,1 111 186 105 83 149 28 64 148 55139 8081 6 7 1556 5335 0
1,1 111 186 105 83 149 28 64 148 55119 8081 6 7 1512 5368 0
1,1 111 186 105 83 149 28 64 148 55143 8081 5 7 1502 5364 0
1,1 111 186 105 83 149 28 64 148 55132 8081 5 7 1502 5358 0
1,1 111 186 105 83 149 28 64 148 55303 8081 5 7 1394 5372 0
1,1 111 186 105 83 149 28 64 148 54914 8081 11 10 4791 1619 0
1,1 111 186 105 83 149 28 64 148 55359 8081 9 9 1513 4885 0
1,1 111 186 105 83 149 28 64 148 55357 8081 9 9 1510 4885 0
1,1 111 186 105 83 149 28 64 148 55358 8081 8 9 1459 4885 0
1,1 111 186 105 83 149 28 64 148 55363 8081 8 9 1459 4885 0
1,1 111 186 105 83 149 28 64 148 55364 8081 8 9 1456 4885 0
1,1 111 186 105 83 149 28 64 148 55365 8081 8 9 1456 4885 0
1,1 111 186 105 83 149 28 64 148 55848 8081 5 7 1302 4864 0
1,1 111 186 105 83 149 28 64 148 54936 8081 9 9 1295 4864 0
1,1 111 186 105 83 149 28 64 148 54934 8081 9 9 1295 4830 0
1,1 111 186 105 83 149 28 64 148 54935 8081 9 9 1295 4830 0
1,1 111 186 105 83 149 28 64 148 54932 8081 8 9 1241 4830 0
1,1 111 186 105 83 149 28 64 148 54933 8081 8 9 1241 4830 0
1,1 111 186 105 83 149 28 64 148 55391 8081 6 7 884 5167 0
1,1 111 186 105 83 149 28 64 148 55151 8081 6 7 1479 4567 0
1,1 111 186 105 83 149 28 64 148 55864 8081 6 7 1357 4584 0